-7.800000000000000266e-01
-7.866666666666666252e-01
-7.800000000000000266e-01
-7.866666666666666252e-01
-7.850000000000000311e-01
-6.533333333333333215e-01
-9.333333333333333759e-02
-7.533333333333332993e-01
-7.633333333333333082e-01
-7.650000000000000133e-01
-7.900000000000000355e-01
-7.866666666666666252e-01
-7.850000000000000311e-01
-7.800000000000000266e-01
-7.866666666666666252e-01
-7.833333333333333259e-01
-7.816666666666666208e-01
-7.850000000000000311e-01
-7.866666666666666252e-01
-7.916666666666666297e-01
-7.883333333333333304e-01
-7.833333333333333259e-01
-7.816666666666666208e-01
-7.883333333333333304e-01
-7.883333333333333304e-01
-7.866666666666666252e-01
-7.850000000000000311e-01
-7.850000000000000311e-01
-7.850000000000000311e-01
-7.866666666666666252e-01
-7.850000000000000311e-01
-7.900000000000000355e-01
-7.850000000000000311e-01
-7.916666666666666297e-01
-7.916666666666666297e-01
-7.900000000000000355e-01
-7.916666666666666297e-01
-7.883333333333333304e-01
-7.883333333333333304e-01
-7.883333333333333304e-01
-7.883333333333333304e-01
-7.883333333333333304e-01
-7.883333333333333304e-01
-7.883333333333333304e-01
-7.900000000000000355e-01
-7.916666666666666297e-01
-7.900000000000000355e-01
-7.900000000000000355e-01
-7.916666666666666297e-01
-7.916666666666666297e-01
-7.916666666666666297e-01
-7.916666666666666297e-01
-7.916666666666666297e-01
-7.916666666666666297e-01
-7.916666666666666297e-01
