-8.519747983957537407e-01 9.102635520343356212e-01
4.998066702126685357e+00 4.532001282219276561e+00
2.101887602161235158e+00 -1.188515324024035369e-01
4.020539708496979614e+00 -4.679055449668966915e+00
4.623566079041231625e+00 -1.970540011030608163e-02
1.348295617179527284e+00 -6.191825116956466424e-01
7.482468529756347575e-01 2.553095565796692057e+00
-3.594292923344049484e+00 -1.240703778010027403e+00
-1.669572046486450745e+00 -2.421499272302880978e+00
8.739771132156073374e-01 -2.891564829724724284e-01
1.558663092907080383e+00 -1.874043484982728103e+00
3.580330200739640478e+00 4.039179999584435521e+00
-2.480163201710874787e+00 -4.949475067228902070e+00
-2.058579422493180822e+00 -4.150020306905900291e+00
4.990357362771698391e+00 -4.037883935821887427e+00
8.976423407405142996e-01 -1.610682693045002445e+00
3.734873355594960920e-01 -1.178567705546587518e+00
-4.089819205392945634e+00 1.232528840083947586e+00
4.275503275230553513e+00 -5.190888103757931304e-01
-3.904467112566138542e+00 -1.291527550709908212e+00
1.239559943930414132e+00 -4.219174276669800605e+00
4.310239455412875564e+00 2.347239378742751903e+00
-1.952444222565133725e+00 3.241765886360777671e+00
1.963252753543636597e+00 -3.548345975667849928e+00
3.988385231520391816e+00 -4.755639313486119235e+00
4.921127133483002680e+00 -4.251898577191482786e+00
2.941512824995538011e+00 -1.408439900199752515e+00
4.975403761236769640e+00 -4.337596730126987765e+00
2.567524140122702025e+00 -1.596475961020463075e+00
3.036762145803664215e+00 8.146085527684530092e-01
2.275328401291963232e+00 4.819098244911958595e+00
2.758673049975429947e+00 -4.942238638725776845e+00
4.950175150304952254e+00 -4.731259806661149980e+00
2.197517206734352690e+00 -4.833688583684802254e+00
1.727204829333066627e+00 4.843843932380633710e+00
4.923406517646765401e+00 -2.186911109551356702e+00
3.789202646984117795e+00 7.498959808871177302e-01
-3.202867467712520622e+00 2.905675279681238621e+00
4.440303253343157230e+00 -4.426114985422579196e+00
4.454609247923082549e+00 -7.512996813024352960e-01
3.230900655305334546e+00 4.999968329676971024e+00
-4.280138440242215125e+00 -1.138205071655725931e+00
6.854238726706594065e-01 -1.878237461146357035e+00
3.779552752765257484e+00 -2.229288481944649902e+00
1.047688637657895772e+00 -4.281526691395965756e+00
1.885028432546352217e+00 4.999442834665453361e+00
-1.326602630550178130e+00 -2.113540259625223072e+00
3.493823442590573425e+00 2.628231148091076719e+00
2.227867650005563860e+00 -4.515176370188237698e+00
7.052164271957832575e-01 -4.572659211654714007e+00
3.246160679233907054e-01 3.067296261410641378e+00
4.797387282798127650e+00 3.770890700602482770e+00
6.331055870413613285e-01 2.250840935040780977e-01
4.324239654033323887e+00 1.177698867647919201e+00
3.527067654440507738e+00 1.764379979409207877e+00
1.623910588377649233e+00 1.162210869150740677e+00
-1.506938898847182795e+00 -6.709692192295335644e-01
2.691855394287145486e+00 3.925679600086056098e+00
3.917354314564215567e+00 2.670910810079984543e+00
3.497786890015202044e+00 -1.392693204906802151e+00
1.602080103411571699e-01 -2.974271653763697287e+00
3.428209442970665766e+00 1.801989586247056963e+00
2.602958283336155532e+00 4.423917805090109567e-01
2.669666951715031544e+00 -3.549586775723481580e+00
2.391492310254195175e+00 9.836212047047965257e-02
2.157474463606622095e+00 3.377886404343517501e+00
3.383960661964684480e+00 2.657911834166794662e+00
1.195741567951245532e+00 1.778298155519868473e+00
4.047785546936024659e+00 5.303955903091015500e-01
1.588874195378091159e+00 -2.281207991649644384e+00
-4.999861606513660739e+00 1.535119813358933882e+00
4.188840324429894402e+00 3.404466836859296297e+00
4.694915984997424907e+00 4.352997572219027944e+00
3.238375195538360174e+00 -6.773879928208348389e-01
4.989201842079155291e+00 4.419279164576026986e+00
2.401069624114727130e+00 -4.461249595312866134e+00
1.681186880160475017e+00 -4.468878765578456758e+00
2.657891906981432406e+00 -3.673792782723928063e+00
4.999999743496101878e+00 8.115205161593497252e-01
3.477366098139615058e+00 3.214296619861418236e+00
4.996096163019531744e+00 7.705279836714886699e-01
2.838635044486979897e+00 -4.888752930622255910e+00
-1.949616167054530891e-01 -2.419009732826630454e+00
4.220018011973941441e+00 4.981477759889276768e-01
-5.983516486200066709e-01 -2.255202545437624551e+00
4.964605203250759047e+00 2.948202138715977583e+00
3.730440520076570010e+00 -2.909658339506435709e+00
4.795887923954079923e+00 4.993070734702337532e+00
4.554444218016708845e+00 3.610696683336569013e+00
4.930514827686707235e-01 9.431983897175424403e-01
4.958509015294195521e+00 2.111060023916463635e+00
-3.756642159834762129e+00 3.397627132595185895e+00
2.005063251924176893e+00 -4.005091686145053842e+00
9.034227748307359640e-01 -4.435291218603643060e+00
-2.331293195333583590e-01 1.105457498143672446e+00
3.706282945494615788e+00 -2.761786528653755290e+00
2.972749934333125399e+00 -3.419049051690808305e+00
2.657815696321624177e+00 -4.856881765987139055e+00
-4.117072958671736949e-01 -2.187199561245377843e+00
-2.800738143210268483e-01 -2.002106141546925677e+00
1.369202045408837165e+00 4.947401409647837589e+00
-2.017672160606767573e+00 3.588194197784264183e+00
2.564999846255531679e+00 -1.384619975021195160e-01
-1.746631023710918384e-01 2.362751974558540802e+00
4.688852747185817904e+00 -1.019708275903822070e+00
1.464541783419082144e-01 -3.140048968208160929e+00
3.468493476127670228e+00 -4.852908702228311277e+00
3.008566778581184487e+00 3.382502764220209901e+00
4.702621252365530857e+00 -1.066134987730048778e+00
3.367362182179294727e+00 2.532691823388155683e-02
1.864167821100780387e+00 -5.978519906768617886e-01
4.806768052172722072e+00 6.799968176652715357e-01
1.238374033145846376e+00 -3.833264436754959981e+00
4.377584706190612351e+00 -3.794600059639610556e+00
4.885670492206205751e+00 3.609698862008237086e-01
2.092459733895453144e+00 -4.946885011034982682e+00
4.122126455895570807e+00 -2.043048289862793965e+00
4.788787121411178127e+00 4.975444537519527977e+00
4.418195767622461467e+00 1.392156335827403169e+00
3.632205920044066616e+00 1.463771214628057038e+00
3.685671365517875220e+00 2.524815031433599088e+00
2.678539894270636434e+00 -3.792345234201158100e+00
4.403407994172237494e+00 -2.100582752502123007e+00
-3.126729690120543026e+00 2.144146510195678701e+00
3.992365754724293669e+00 3.930903818077425171e+00
-3.327108185768925530e-01 -1.692971837562502913e+00
1.353492816105358321e+00 4.177042965266757335e-01
3.336291917714868216e+00 1.506896823852661882e+00
4.072882252418876803e+00 2.907310546474157320e+00
2.808798810689884462e+00 -6.727660010808556024e-01
1.767566804555490423e+00 -4.999344821427869512e+00
1.666657745342843944e+00 -4.544372066301907154e-01
2.831438377592583322e+00 1.163044306528817629e-01
9.348435593658543930e-01 2.788149295021648655e+00
2.609642202747490813e+00 4.406462482993488194e+00
2.624694577689298924e+00 -4.439428821428883509e-01
2.961332703353168672e+00 -4.462584116281048452e+00
3.967084504958951374e+00 -1.738371520838947859e+00
4.940222578491946237e-01 -4.557485404360781089e+00
2.737253653455343105e+00 2.639172254624146063e+00
2.796752892509109856e+00 -6.818780764058320898e-01
4.391531586143665677e+00 2.300097360504286925e+00
1.558942126253607618e+00 -9.908556861307147301e-01
2.108306818746362055e+00 -3.267571488101838284e+00
1.863954264735409261e+00 -4.344424472568063855e+00
3.755910687658362335e+00 -4.102219834113316033e+00
4.040647679258421832e+00 -4.443539204347366933e+00
2.227594282600907860e+00 5.365077934815225547e-01
3.325857842237197382e+00 -2.782323057999894544e+00
4.035321743546884221e+00 -2.804771359932965780e+00
2.660743649597285376e+00 1.997884139894026134e-01
1.686595875194247363e+00 2.734397761805320570e+00
2.334237724955675830e+00 -4.138665695086953811e+00
3.854429787344239244e+00 -3.121060431875064545e+00
2.260598473565980093e+00 -1.277203976012330600e+00
2.941685726916821952e+00 1.443561616507205159e+00
3.726848106697072005e+00 1.291443071447755386e-01
2.966315486806616608e+00 1.546688900692807067e+00
1.446165701093655054e+00 1.897082085362512771e+00
4.050184715823417214e+00 -4.837628700157645234e+00
1.467035849379817902e+00 -3.786176276195162949e+00
2.486975684283772470e+00 -4.589273669647488063e+00
6.764613364249285610e-01 -3.141963908087766377e+00
2.380128477618017158e+00 -4.034254013691603191e+00
4.092362216029132860e+00 -1.441135160965885120e+00
2.714972799715101637e+00 3.904906143149169395e-01
2.439291509941398761e+00 2.205069076167852415e+00
3.199918029816554821e+00 -2.149703891592785965e+00
9.011371451646175146e-01 3.867284684179326248e+00
3.219934692097556894e+00 -4.568472968586464233e+00
2.186144997608043816e+00 2.855396943891079786e-01
1.190427733736028282e+00 -4.060473005749365427e+00
1.609970223902811526e+00 -2.279096780216845808e+00
3.542561727089141854e+00 -4.711718582064886363e+00
4.585835547287988589e+00 -1.124960889570605360e+00
3.099521339031772182e+00 -1.516338468646453386e+00
3.184342953784490504e+00 -3.675842000821745614e+00
3.232531449257903589e+00 -2.218754015326496187e-01
1.503261623063034236e+00 -4.893996244497025749e+00
2.651245044981919818e+00 -2.892699465363790967e+00
2.790243736942702224e+00 4.953459647658945642e+00
2.071002525058755150e+00 1.605797495360700822e+00
2.882446539102031302e+00 5.304161916348792971e-01
2.215811520058415418e+00 -1.462983535913068067e+00
1.825969293941901661e+00 2.571789091883438516e+00
3.789341342715579319e+00 2.136270631316367741e+00
2.318728010193336520e+00 9.990459763669150561e-01
4.452255416995974713e+00 -3.454711752003106540e+00
3.517441976026331574e+00 3.529825840948403570e+00
4.385905699687889125e+00 -3.228573379631035856e+00
2.031943663820082069e+00 1.058314426267189745e+00
2.984028031573804363e+00 2.923376546853639013e+00
2.807152413143457537e+00 -1.451245836195926842e-01
3.303798835850281890e+00 2.556981937396050952e+00
1.370951819951277351e+00 3.202657605418473885e+00
3.808200046251785764e+00 1.312033161324196229e+00
3.400729081484297200e+00 -4.929018876076471045e+00
2.644877617048652318e+00 -7.905087725011625821e-01
2.846511367536524784e+00 2.661825901442909093e+00
1.443482988739537065e+00 -9.086943509840215150e-01
2.626762729012232622e+00 2.986137080163302038e+00
3.718408367454604235e+00 1.691971592955725967e+00
3.852114297131898457e+00 2.489871130551261302e+00
1.999866361897103317e+00 3.472794890637651122e+00
2.100094513714341193e+00 -4.928086699020377104e+00
2.742113272488963638e+00 -3.667556929803790666e+00
2.576911272269469144e+00 3.243238993079672561e+00
2.326122704992777734e+00 1.015679091041155502e+00
3.294371231283411916e+00 -2.944897497931648900e-01
2.785493016240642827e+00 8.691220981426805992e-01
2.907781450115376476e+00 -4.478058549897183660e+00
2.504602997974144429e+00 -9.797855685417433680e-01
2.583804424522778476e+00 -2.263206938240738708e+00
2.419957456555934527e+00 -4.143079914603152503e+00
2.954048634104363913e+00 1.760258018106129363e+00
2.838349539953288314e+00 -3.139654155833289551e+00
2.529328770419339012e+00 1.019028809588032658e+00
2.325469610450709101e+00 -1.381505607482875320e+00
2.633410698237623304e+00 2.554185844512095738e+00
2.810025343404505271e+00 -1.212584076696099800e+00
2.664575655969899870e+00 2.335271337119358304e+00
1.904076557334974051e+00 -4.425373200812765973e+00
2.742831444597685575e+00 -6.381463873980885992e-01
2.656296446756067908e+00 5.212461693263907847e-01
2.918580607451400688e+00 -2.050206273562473314e+00
2.987648478020157317e+00 4.465854566880075538e+00
3.140713006775452509e+00 8.326243522291978394e-01
2.744033455362755447e+00 -3.867596325793976497e+00
3.539732611638624515e+00 2.236886048107320946e+00
2.959438407574174423e+00 3.368567872463678725e+00
2.750393752505906342e+00 -2.699670794926329886e+00
2.868399142777448674e+00 5.569673356505715489e-01
2.360667191007227217e+00 -1.399463242144480368e+00
3.170477074523280869e+00 1.819406951072389589e+00
2.866692634244562221e+00 2.399129417497416483e+00
2.468866462677016926e+00 1.159572764539159806e+00
3.069759347758904688e+00 -3.542528662086978031e+00
3.032991493756890922e+00 4.805032427529346784e+00
3.230160506156581679e+00 -4.047194624537350904e+00
2.935287325372915035e+00 -3.788038528533990146e+00
2.872952337978147863e+00 4.847302971214220157e+00
2.577073783451749645e+00 2.798998195953334545e+00
3.068726268849332861e+00 -4.703076493556720195e+00
3.116217733966006431e+00 -4.597290331970405930e+00
2.614312368693720856e+00 4.438618648925206855e+00
2.384900622971300788e+00 3.005939359432709068e+00
3.178950296200107051e+00 -1.425231206023672925e+00
2.834629553124187851e+00 3.455493170920380663e-01
3.074068013782539133e+00 -3.499037926863461934e+00
2.984774667532364756e+00 -3.969424158160574478e+00
3.173838551557384147e+00 -4.166729158398862154e+00
2.658881416758099192e+00 7.244046819105420809e-01
2.667072708327383523e+00 -4.602791480241190669e+00
3.003916760448976486e+00 1.287574132979550257e+00
2.809662566326599720e+00 -1.147831211229750181e+00
2.995895094674244863e+00 2.103524765319972900e+00
2.773057659571442457e+00 3.271403265192340371e+00
2.963600609136564312e+00 3.409191193025389310e+00
2.992467597961083747e+00 -4.458278536018733362e+00
2.895343812101952796e+00 -4.908940091231166925e+00
2.892185643954554131e+00 -2.432558221196508441e+00
2.610837939518718454e+00 -4.126650454616672015e+00
3.107257665471128139e+00 -1.062737841147596285e+00
3.001444265776917586e+00 2.868849946909669768e+00
2.862988639129241175e+00 -1.777851147914354613e+00
2.754875484783504191e+00 -4.164345664397018254e+00
2.761416561775713152e+00 2.861586181144755159e+00
2.806320784357373199e+00 -6.681092746621679623e-01
2.878335671310311650e+00 4.481626128946189169e+00
2.797472065752729886e+00 -3.504022445886689319e+00
2.983997674171369852e+00 -2.401757496398690961e+00
2.917486361451857579e+00 -1.346099036183840525e+00
2.843379928239205601e+00 -3.551181215515441636e+00
2.998022723058340056e+00 -4.878825217409490378e+00
3.028672477754998926e+00 -4.466518470163610921e+00
3.023096204043123070e+00 1.579004691358113277e+00
2.965452005157666715e+00 4.658559770394765209e+00
2.885492918921444438e+00 -4.354985357058556161e+00
3.040436836335542736e+00 -4.857509578641849401e+00
2.983450875317929185e+00 -3.108533090813939914e+00
2.986060861904440866e+00 -4.946564650385995243e+00
3.001440057671433514e+00 4.494205846468473098e+00
2.877259812520061466e+00 -2.422319372091401135e+00
2.993506721216688593e+00 4.996757795767377885e+00
2.938183512063519576e+00 -1.476534720109928145e+00
2.883409591266267835e+00 3.978032907531749984e+00
2.937582095088383749e+00 1.611215943692602792e+00
2.855335793311343018e+00 -4.984032438085757910e+00
2.982510383754413574e+00 -3.429903552644890219e+00
2.925336802833456762e+00 1.407503922010468145e+00
3.010413338681681150e+00 3.600445772873460459e+00
2.941017300514770394e+00 3.536686261779939944e+00
2.885528435129803171e+00 -3.736898567522801251e+00
2.928081417731592584e+00 7.022711806014498848e-01
2.849889336273416340e+00 -2.909536878731909582e+00
3.007985592032075939e+00 -2.314025361716225859e+00
2.903258904630545256e+00 1.089426340848602237e+00
2.936250952676425552e+00 -1.098077312435581376e+00
2.943983074656010501e+00 -2.121170046509835316e+00
2.917765662873480270e+00 1.495215834182689107e+00
2.880695562463609249e+00 -3.709394277803639728e+00
2.872664798342231762e+00 -2.418023832214148960e+00
2.913793607009474318e+00 -1.683353915766822695e+00
2.924783315415315332e+00 -2.270836100757675169e+00
2.857999582845566877e+00 3.618301878841561514e+00
2.993420220438033130e+00 -1.146085450595794697e+00
2.878693889640539183e+00 -4.848597552328667071e+00
2.961298570229468741e+00 -4.481852732958508057e+00
2.881469840620537237e+00 -4.769340071158230110e+00
2.944926782824227818e+00 2.534083583185173794e+00
2.948907307990179305e+00 -4.849472529861343695e+00
2.864139964502258717e+00 -2.138383834757675572e-01
2.935157971914192920e+00 -4.988488937573295701e+00
2.941696868938080467e+00 2.649763198972972411e+00
2.835627357716792751e+00 3.089378956755108874e-01
2.931646458362715535e+00 -9.188226787304927257e-01
2.866503150900939989e+00 -2.639330498675558800e+00
2.814575978495123643e+00 -4.543658322969498009e+00
2.800862732599748828e+00 3.736339277475751341e+00
2.862980747769080292e+00 -4.204753416104991537e+00
2.918221466197572500e+00 1.741950905369977320e+00
2.937366619224874853e+00 -3.271970961243488851e+00
2.957743127535054306e+00 8.276159702570140553e-02
2.811928990849399401e+00 -2.673392993504037918e+00
2.929769117515224508e+00 -1.671300274507119710e+00
2.857163866684006237e+00 -2.324378230157321923e+00
2.934911151569483678e+00 -1.248391501485359711e+00
2.870786229368817111e+00 -1.013622672858208063e+00
2.920822248418645906e+00 -1.227917750862044244e-01
2.919784751093336794e+00 -4.568191951291247221e+00
2.867493838728943700e+00 -4.995887752116128233e+00
2.934422201869481661e+00 -4.277506848229996272e+00
2.956809064888285654e+00 1.945830278964136184e+00
2.887727231646411319e+00 -4.429067137131479370e+00
2.885640464044167963e+00 -4.071964532935847814e+00
2.913841195798811956e+00 -3.277518883832057917e+00
2.868874807851740094e+00 -4.902929402099275080e+00
2.939186355267068063e+00 3.751957627472091161e+00
2.917413358634859399e+00 -2.027712407533602601e+00
2.897883347207599769e+00 -4.150102532188830295e+00
2.857861493989000579e+00 -4.365851447496753579e+00
2.903715131940160177e+00 -2.499495926554128111e+00
2.927373510802422807e+00 6.435710372697549531e-01
2.870036975783123445e+00 -3.413045677264953781e+00
2.915771742796534838e+00 -1.029375455251392069e+00
2.922011875815434756e+00 -4.000269139522133699e+00
2.886433116795007248e+00 -4.762488815985945756e+00
2.918049902751304270e+00 -5.850829404006265833e-01
2.918238026945211505e+00 -3.024335237504980789e+00
2.907483981052734201e+00 -1.356434498295858049e+00
2.897814545636246741e+00 -4.494127586195713064e+00
2.884070992216420937e+00 -4.107017132980480767e+00
2.883943680123709274e+00 2.923234893222575792e+00
2.961138896133208576e+00 -2.703654608643605961e+00
2.919826316991746662e+00 -1.361892481088933238e-01
2.924766920373802481e+00 -4.290068181165002770e+00
2.924209656768059329e+00 -4.731511370621769963e+00
2.943273747341629054e+00 7.926048000663090676e-01
2.929515367340298493e+00 -3.329164514919215279e+00
2.929390921454130048e+00 -4.518585820628810978e-01
2.907266960470923589e+00 -3.067175620390307778e+00
2.941063077817769766e+00 -1.695168172359768022e+00
2.921384940028506350e+00 1.066493464948159442e-02
2.935993648838433057e+00 -1.021220802515387049e+00
2.898025750246708387e+00 -4.995996300386093658e+00
2.909863232190906590e+00 -4.998964979447199752e+00
2.905364730833193576e+00 -3.597377648146174778e+00
2.903276698030434311e+00 -3.577686371966654733e+00
2.902978992523664648e+00 -4.843135943500050722e+00
2.935309662838203604e+00 1.432554638933916991e+00
2.873710473094635898e+00 -3.218200715336481998e+00
2.892136966860231251e+00 -2.949150666522547759e+00
2.896825451787091055e+00 -4.557511446456702586e+00
2.921380516066423905e+00 -3.045917276714527056e+00
2.924828665113479609e+00 -5.945621996212544502e-01
2.910462823548434219e+00 -5.596145811330206499e-01
2.956276083742845007e+00 6.550274060169236634e-02
2.876289118534982148e+00 -2.943658628352956441e+00
2.917045881873898239e+00 -2.259030527451313830e+00
2.914165118570811064e+00 -4.246264442483728807e+00
2.916418267656238239e+00 -6.398129438965369786e-01
2.958745728453315849e+00 4.421991414240658003e-01
2.931109270958920376e+00 -2.454953400089927129e+00
2.916318005092357613e+00 -4.006090349645944571e+00
2.921428613283526765e+00 -3.444606602802110729e+00
2.913037625293295463e+00 -2.226045293131795333e+00
2.966094621481418336e+00 2.162752211143777359e+00
2.888645858650043863e+00 -3.517798627127056044e+00
2.913343229568006176e+00 -2.051067467236922681e+00
2.919760708862113585e+00 -1.154603731799042521e+00
2.403313343986112738e+00 -4.756535402063910567e-02
