-8.125000000000000000e-01
-5.825000000000000178e-01
-8.125000000000000000e-01
-8.000000000000000444e-01
-8.125000000000000000e-01
-8.199999999999999512e-01
-8.199999999999999512e-01
-7.624999999999999556e-01
-8.024999999999999911e-01
-8.000000000000000444e-01
-7.149999999999999689e-01
-8.100000000000000533e-01
-8.175000000000000044e-01
-8.199999999999999512e-01
-8.000000000000000444e-01
-8.199999999999999512e-01
-8.100000000000000533e-01
-8.199999999999999512e-01
-8.199999999999999512e-01
-8.199999999999999512e-01
-8.175000000000000044e-01
-8.125000000000000000e-01
-8.199999999999999512e-01
-8.175000000000000044e-01
-8.100000000000000533e-01
-8.199999999999999512e-01
-8.199999999999999512e-01
-8.175000000000000044e-01
-8.149999999999999467e-01
-8.175000000000000044e-01
-8.199999999999999512e-01
-8.175000000000000044e-01
-8.199999999999999512e-01
-8.199999999999999512e-01
-8.199999999999999512e-01
-8.225000000000000089e-01
-8.125000000000000000e-01
-5.825000000000000178e-01
-8.125000000000000000e-01
-8.000000000000000444e-01
-8.125000000000000000e-01
-8.199999999999999512e-01
-8.199999999999999512e-01
-7.624999999999999556e-01
-8.024999999999999911e-01
-8.000000000000000444e-01
-7.149999999999999689e-01
-8.100000000000000533e-01
-8.175000000000000044e-01
-8.199999999999999512e-01
-8.000000000000000444e-01
-8.199999999999999512e-01
-8.100000000000000533e-01
-8.199999999999999512e-01
-8.199999999999999512e-01
-8.199999999999999512e-01
-8.175000000000000044e-01
-8.125000000000000000e-01
-8.199999999999999512e-01
-8.175000000000000044e-01
-8.100000000000000533e-01
-8.199999999999999512e-01
-8.199999999999999512e-01
-8.175000000000000044e-01
-8.149999999999999467e-01
-8.175000000000000044e-01
-8.199999999999999512e-01
-8.175000000000000044e-01
-8.199999999999999512e-01
-8.199999999999999512e-01
-8.199999999999999512e-01
-8.225000000000000089e-01
