3.875578555999603214e+00 -1.513910134130946439e+00
-9.139768803803587360e-01 -3.632587700876080739e+00
1.888911294703652155e+00 -3.961601132596039854e+00
-1.934237896683583591e+00 -1.124556793690567602e-01
-2.305540894814133601e+00 4.721660129215798918e-02
1.652429074406143450e-02 -4.151303228789672062e+00
4.760408864484051428e+00 -2.187312841169865685e+00
2.248644163025793397e+00 -2.771719477852224500e+00
8.990626171550365475e-01 -3.352738688931244049e+00
3.853799169685213855e+00 -1.225223815513525327e+00
3.176148898486488292e-01 -3.658654578888838493e+00
-2.764947792110006741e+00 -2.607923637006958728e+00
-1.169202022967315013e-01 -4.432115108317758789e+00
4.372109808321691382e-01 -1.248685218277753251e+00
7.726261253720232425e-01 -2.731754379677440170e-01
2.214752139575254297e+00 -2.856633064103133002e+00
-1.440203879340701709e+00 -4.634781658602109999e+00
-1.155572806565923427e+00 -1.602315500512698776e+00
-1.080968946658393603e+00 -4.982504781998112975e+00
4.906373623945381901e+00 -4.125587613709778445e+00
3.827532353964500089e+00 3.903282130791229765e+00
-5.713686881527049177e-01 -2.632118707708570149e+00
4.721133447617789081e+00 1.356168602880311269e+00
1.629833872144875961e+00 -2.639043369167480613e+00
1.977916072626469512e+00 1.067839479105909817e-01
1.643453342496563163e+00 2.378189038800796240e+00
2.446611722559345559e+00 -2.285469212529736893e+00
-4.594456232211607816e-01 1.995734035249352445e-01
1.665539263567851203e+00 -1.283802909552607119e+00
-1.054946336025169629e+00 -2.462654931331172747e+00
1.467293856868243429e+00 1.400073653666908058e+00
4.876173568442124129e+00 6.474860350854516611e-01
7.729969561978489168e-01 1.013433922948708599e+00
1.737580251381638519e+00 -3.311858147976131761e+00
8.063373785573786368e-01 -2.224948591247418506e+00
1.460753461587621427e+00 -1.579520173517197534e+00
2.115319120744433068e+00 -3.748274951871842120e+00
1.937564592365095262e+00 -1.899372376984866051e+00
1.130295917274254158e+00 -4.920089725923479484e+00
7.758641444192093672e-01 -2.433612907851752993e+00
1.563280672340832123e-01 -4.131443144612674701e+00
2.795742661996393874e+00 -2.043635361918152427e-01
1.618373456064849503e+00 -2.417259773071869233e+00
1.916670690998167892e+00 -3.793193217671102069e+00
1.738616376254456197e+00 -1.405752793270218959e+00
1.286788082234497033e+00 6.624757116447899108e-01
2.134408937839705978e+00 -4.935588574743214885e+00
2.264256862815134497e+00 -3.579152151991536357e+00
7.125814482768513258e-01 -7.505729489928132381e-01
2.497541191471611466e+00 -2.593335115376195432e+00
1.136935841802889424e+00 -1.796833286657154360e+00
1.651582504716007982e+00 -9.955519739920326572e-01
1.420723349817797354e+00 -3.371847251053877947e+00
2.766701728405264404e+00 -1.392847467442736686e+00
2.939252125238383861e+00 -2.510102455381757025e+00
2.195581602014580191e+00 -1.095497667072729442e+00
2.315210346786410245e+00 -2.676326130994937103e-01
2.453053123518799783e+00 -1.022459128074117984e+00
2.359381667200084021e+00 -1.501075697502621153e+00
2.737675753667171197e+00 -9.605212240913090227e-01
1.768022365378375316e+00 -2.062132164252377109e+00
2.582019958014784233e+00 -1.380298733589615523e-01
2.013680012436682709e+00 -1.470942293643982879e+00
2.605696443617833591e+00 -5.776124803731050861e-01
2.298310141751400693e+00 -3.252259218512293160e+00
1.841690791646296566e+00 -2.406350640174164113e-01
1.967333110322097900e+00 -1.046802393390025898e+00
2.168587563440306010e+00 -6.799848463409770005e-01
2.358796224530968821e+00 -2.761997220691711163e+00
1.714538734632247596e+00 -2.342551917001337358e+00
1.756920940462766811e+00 -1.350658970746364318e+00
2.017768182588219439e+00 -2.439234168150061777e+00
1.961127170795065267e+00 -2.218287122821980262e-01
2.270642766995548012e+00 -1.757063004376746562e-01
1.370766987771951717e+00 -2.543552738407420577e+00
2.303932492898099760e+00 -1.788909087131788311e+00
1.920320567444434801e+00 -2.051840863132676773e+00
2.054762193526281422e+00 -2.299829557146136239e+00
1.874534174489054239e+00 -2.340715895647594635e+00
2.073834627649024043e+00 -2.446392724795911633e+00
1.627435228124445965e+00 -1.672863589826162567e+00
1.946198907397421074e+00 -2.007708545768117858e+00
1.969411815473778082e+00 -8.982067495417211944e-01
1.947560559958430471e+00 -2.161826619185879039e+00
1.963894616566693951e+00 -2.887684995659572706e+00
2.082864752260912500e+00 -1.111346890934369114e+00
2.151869339674889581e+00 -2.310297626070177301e+00
2.108405147918868572e+00 -2.301940465727591700e+00
1.866779241349860730e+00 -3.097354331618105583e+00
1.936596441864796292e+00 -2.200001067387898246e+00
1.835998662694348305e+00 -2.758563078967598337e+00
2.013155466228038648e+00 -1.803260550842331611e+00
2.061703584464758876e+00 -3.960159582325081473e+00
2.027823867287139148e+00 -2.970846529392853874e+00
2.140361169058162094e+00 -1.820422578934099533e+00
2.103631340842434749e+00 -1.808285110540520435e+00
2.154449340694179149e+00 -1.818898927789355469e+00
2.023367425804181607e+00 -2.465214268364830374e+00
2.043245486843920489e+00 -3.945142355450823146e+00
1.990262325193065784e+00 -1.544649808892009091e+00
2.077884334578140813e+00 -2.147143754516596559e+00
2.206547252312080598e+00 -1.498463923477782345e+00
2.101245107568953330e+00 -1.990475066749063160e+00
2.256935995515365612e+00 -2.235770270930492742e+00
2.185805452223489542e+00 -9.629187460235009155e-01
2.207644337322986594e+00 -1.266383806529510991e+00
2.092891142944844685e+00 -1.358834552152599073e+00
2.130341516833254456e+00 -1.758055089062915854e+00
2.291550136629184387e+00 -2.313656618328703729e+00
2.144937667893310085e+00 -2.043202762277479323e+00
2.053608276325705972e+00 -1.293596728089832837e+00
2.519364648622581804e+00 -1.343681044094289234e+00
2.313432589510017845e+00 -2.347143541266923705e+00
2.289892285435465968e+00 -8.421202456390091129e-01
2.155153335271224435e+00 -1.530023582559490336e+00
2.927661692827173034e+00 -3.244644618796955093e+00
2.201795030621171101e+00 -7.004076206056133458e-01
2.188821678409150095e+00 -1.322024561237547857e+00
2.388479536282264615e+00 -1.637190294761706966e+00
2.192431711774946113e+00 -2.386927134445025800e+00
2.225175913276383088e+00 -1.867559125886444349e-01
2.206364125216167871e+00 -1.652966709135617052e+00
2.222929033566256596e+00 -1.593761979135376095e+00
2.255615699692483656e+00 -1.471517322830676378e+00
2.093123870859358693e+00 -1.770604981547014845e+00
2.291046817683440207e+00 -7.146874931667550612e-01
2.262374742441735531e+00 1.138813960551592785e+00
2.066504935723201264e+00 -6.786498505663800529e-01
2.242019882048690960e+00 -2.207421268049033714e+00
2.281554003589052027e+00 2.506337437712211624e-01
2.301473189941358743e+00 -1.632797363464534968e+00
2.237279576169859840e+00 -6.794212095422889064e-01
2.309189091403509586e+00 -3.980802651067225639e-01
2.198586448304403973e+00 -1.330781487515514172e+00
2.236168080638874400e+00 5.951727461016655951e-01
2.394104494765526336e+00 1.457776628119486162e+00
2.138665722452961049e+00 -1.656352329695536696e+00
2.366895540617083959e+00 1.951668225350143615e+00
2.273779716462587697e+00 -2.502300549266394114e-01
2.115287848322318975e+00 -1.128696267373021200e+00
2.250956264513718441e+00 1.443046912611780641e-01
2.282404195142718528e+00 -2.017774129173831810e+00
2.287405299487953680e+00 -1.372662824999400399e+00
2.398127886254099117e+00 -3.258650579446351614e+00
2.226888578906029981e+00 -4.692889484117070964e-01
