-3.533333333333333326e-01
-3.933333333333333126e-01
-4.199999999999999845e-01
-3.800000000000000044e-01
-3.933333333333333126e-01
-4.000000000000000222e-01
-2.133333333333333470e-01
-4.266666666666666941e-01
-4.199999999999999845e-01
-3.533333333333333326e-01
-4.066666666666666763e-01
-3.466666666666666785e-01
-4.066666666666666763e-01
-4.066666666666666763e-01
-4.133333333333333304e-01
-4.266666666666666941e-01
-2.666666666666666630e-01
-3.733333333333333504e-01
-8.666666666666666963e-02
-1.933333333333333293e-01
-3.599999999999999867e-01
-3.866666666666666585e-01
-2.333333333333333370e-01
-4.199999999999999845e-01
-4.266666666666666941e-01
-4.199999999999999845e-01
-4.266666666666666941e-01
-3.866666666666666585e-01
-4.199999999999999845e-01
-3.866666666666666585e-01
-4.199999999999999845e-01
-1.933333333333333293e-01
-4.133333333333333304e-01
-4.266666666666666941e-01
-4.133333333333333304e-01
-4.199999999999999845e-01
-4.266666666666666941e-01
-4.199999999999999845e-01
-3.733333333333333504e-01
-4.133333333333333304e-01
-4.000000000000000222e-01
-4.199999999999999845e-01
-4.199999999999999845e-01
-4.199999999999999845e-01
-4.266666666666666941e-01
-4.199999999999999845e-01
-4.266666666666666941e-01
-4.266666666666666941e-01
-4.000000000000000222e-01
-4.266666666666666941e-01
-4.133333333333333304e-01
-4.199999999999999845e-01
-4.199999999999999845e-01
-4.199999999999999845e-01
-4.199999999999999845e-01
-4.266666666666666941e-01
-4.266666666666666941e-01
-4.266666666666666941e-01
-4.199999999999999845e-01
-4.266666666666666941e-01
-4.199999999999999845e-01
-4.266666666666666941e-01
-4.266666666666666941e-01
-4.266666666666666941e-01
-4.199999999999999845e-01
-4.266666666666666941e-01
-4.199999999999999845e-01
-4.266666666666666941e-01
-4.266666666666666941e-01
-4.266666666666666941e-01
-4.199999999999999845e-01
-4.266666666666666941e-01
-4.266666666666666941e-01
-4.266666666666666941e-01
-4.266666666666666941e-01
-4.199999999999999845e-01
-4.266666666666666941e-01
-4.199999999999999845e-01
-4.266666666666666941e-01
-4.199999999999999845e-01
-4.266666666666666941e-01
-4.199999999999999845e-01
-4.199999999999999845e-01
-4.266666666666666941e-01
-4.199999999999999845e-01
-4.266666666666666941e-01
-4.266666666666666941e-01
-4.266666666666666941e-01
-4.266666666666666941e-01
-4.199999999999999845e-01
-4.199999999999999845e-01
-4.199999999999999845e-01
-4.266666666666666941e-01
-4.266666666666666941e-01
-4.266666666666666941e-01
-4.266666666666666941e-01
-4.266666666666666941e-01
-4.266666666666666941e-01
-4.266666666666666941e-01
-4.266666666666666941e-01
-4.266666666666666941e-01
-4.266666666666666941e-01
-4.266666666666666941e-01
-4.266666666666666941e-01
-4.266666666666666941e-01
-4.266666666666666941e-01
-4.266666666666666941e-01
-4.266666666666666941e-01
-4.266666666666666941e-01
-4.266666666666666941e-01
-4.266666666666666941e-01
-4.266666666666666941e-01
-4.266666666666666941e-01
-4.266666666666666941e-01
-4.266666666666666941e-01
-4.266666666666666941e-01
-4.266666666666666941e-01
-4.266666666666666941e-01
-4.266666666666666941e-01
-4.266666666666666941e-01
-4.266666666666666941e-01
-4.266666666666666941e-01
-4.266666666666666941e-01
-4.266666666666666941e-01
-4.266666666666666941e-01
-4.266666666666666941e-01
-4.266666666666666941e-01
-4.266666666666666941e-01
-4.266666666666666941e-01
-4.266666666666666941e-01
-4.266666666666666941e-01
-4.266666666666666941e-01
-4.266666666666666941e-01
-4.266666666666666941e-01
-4.266666666666666941e-01
-4.266666666666666941e-01
-4.266666666666666941e-01
-4.266666666666666941e-01
-4.266666666666666941e-01
-4.266666666666666941e-01
-4.266666666666666941e-01
-4.266666666666666941e-01
-4.266666666666666941e-01
-4.266666666666666941e-01
-4.266666666666666941e-01
