-7.349999999999999867e-01
-8.000000000000000167e-02
-6.524999999999999689e-01
-7.325000000000000400e-01
-7.600000000000000089e-01
-7.375000000000000444e-01
-7.600000000000000089e-01
-7.674999999999999600e-01
-7.249999999999999778e-01
-7.249999999999999778e-01
-6.524999999999999689e-01
-6.524999999999999689e-01
-7.425000000000000488e-01
-6.524999999999999689e-01
-6.524999999999999689e-01
-7.349999999999999867e-01
-7.149999999999999689e-01
-6.524999999999999689e-01
-6.524999999999999689e-01
-6.524999999999999689e-01
-7.099999999999999645e-01
-7.449999999999999956e-01
-7.149999999999999689e-01
-7.299999999999999822e-01
-7.449999999999999956e-01
-7.349999999999999867e-01
-7.500000000000000000e-01
-7.600000000000000089e-01
-7.674999999999999600e-01
-6.524999999999999689e-01
-7.299999999999999822e-01
-7.349999999999999867e-01
-7.674999999999999600e-01
-7.750000000000000222e-01
-7.750000000000000222e-01
-7.750000000000000222e-01
-7.325000000000000400e-01
-7.600000000000000089e-01
-7.750000000000000222e-01
-7.750000000000000222e-01
-8.000000000000000167e-02
-7.349999999999999867e-01
-7.425000000000000488e-01
-7.349999999999999867e-01
-7.425000000000000488e-01
-7.750000000000000222e-01
-7.750000000000000222e-01
-7.750000000000000222e-01
-7.750000000000000222e-01
-7.750000000000000222e-01
-7.600000000000000089e-01
-7.750000000000000222e-01
-7.750000000000000222e-01
-7.750000000000000222e-01
-7.750000000000000222e-01
-7.750000000000000222e-01
-7.750000000000000222e-01
-7.750000000000000222e-01
-7.674999999999999600e-01
-7.500000000000000000e-01
-7.674999999999999600e-01
-7.325000000000000400e-01
-7.600000000000000089e-01
-7.375000000000000444e-01
-7.600000000000000089e-01
-7.299999999999999822e-01
-7.750000000000000222e-01
-7.750000000000000222e-01
-7.750000000000000222e-01
-7.750000000000000222e-01
-7.750000000000000222e-01
-7.674999999999999600e-01
-7.674999999999999600e-01
-7.600000000000000089e-01
-7.674999999999999600e-01
-7.674999999999999600e-01
-7.600000000000000089e-01
-7.249999999999999778e-01
-7.299999999999999822e-01
-7.249999999999999778e-01
-7.349999999999999867e-01
-7.349999999999999867e-01
-7.500000000000000000e-01
-7.500000000000000000e-01
-7.349999999999999867e-01
-7.375000000000000444e-01
-7.349999999999999867e-01
-7.600000000000000089e-01
-7.674999999999999600e-01
-7.750000000000000222e-01
-6.524999999999999689e-01
-7.175000000000000266e-01
-7.750000000000000222e-01
-7.249999999999999778e-01
-7.299999999999999822e-01
-7.349999999999999867e-01
-7.249999999999999778e-01
-7.750000000000000222e-01
-7.750000000000000222e-01
-7.750000000000000222e-01
