-7.674999999999999600e-01
-7.774999999999999689e-01
-7.574999999999999512e-01
-7.724999999999999645e-01
-7.824999999999999734e-01
-7.600000000000000089e-01
-7.550000000000000044e-01
-6.750000000000000444e-02
-7.425000000000000488e-01
-8.024999999999999911e-01
-8.000000000000000444e-01
-7.674999999999999600e-01
-6.099999999999999867e-01
-6.949999999999999512e-01
-7.550000000000000044e-01
-6.099999999999999867e-01
-7.850000000000000311e-01
-6.099999999999999867e-01
-6.099999999999999867e-01
-8.000000000000000444e-01
-7.650000000000000133e-01
-7.774999999999999689e-01
-6.099999999999999867e-01
-7.650000000000000133e-01
-8.024999999999999911e-01
-8.024999999999999911e-01
-8.024999999999999911e-01
-8.024999999999999911e-01
-6.099999999999999867e-01
-8.024999999999999911e-01
-7.574999999999999512e-01
-7.600000000000000089e-01
-6.099999999999999867e-01
-7.724999999999999645e-01
-7.674999999999999600e-01
-8.024999999999999911e-01
-8.000000000000000444e-01
-8.000000000000000444e-01
-6.750000000000000444e-02
-7.524999999999999467e-01
-8.000000000000000444e-01
-8.000000000000000444e-01
-7.850000000000000311e-01
-8.024999999999999911e-01
-8.024999999999999911e-01
-8.024999999999999911e-01
-8.024999999999999911e-01
-8.024999999999999911e-01
-8.024999999999999911e-01
-8.024999999999999911e-01
-8.024999999999999911e-01
-8.024999999999999911e-01
-7.850000000000000311e-01
-8.024999999999999911e-01
-7.850000000000000311e-01
-8.000000000000000444e-01
-7.850000000000000311e-01
-7.850000000000000311e-01
-8.000000000000000444e-01
-7.824999999999999734e-01
-8.024999999999999911e-01
-8.024999999999999911e-01
-8.024999999999999911e-01
-8.024999999999999911e-01
-8.024999999999999911e-01
-8.024999999999999911e-01
-8.024999999999999911e-01
-8.024999999999999911e-01
-8.024999999999999911e-01
-8.024999999999999911e-01
-8.024999999999999911e-01
-8.024999999999999911e-01
-8.024999999999999911e-01
-8.024999999999999911e-01
-8.024999999999999911e-01
-8.024999999999999911e-01
-7.850000000000000311e-01
-8.024999999999999911e-01
-7.850000000000000311e-01
-8.024999999999999911e-01
-7.850000000000000311e-01
-7.850000000000000311e-01
-8.024999999999999911e-01
-7.850000000000000311e-01
-8.024999999999999911e-01
-6.750000000000000444e-02
-8.024999999999999911e-01
-8.024999999999999911e-01
-8.024999999999999911e-01
-8.024999999999999911e-01
-8.024999999999999911e-01
-8.024999999999999911e-01
-8.024999999999999911e-01
-8.024999999999999911e-01
-8.024999999999999911e-01
-8.024999999999999911e-01
-8.024999999999999911e-01
-8.024999999999999911e-01
-8.024999999999999911e-01
-8.024999999999999911e-01
