-7.650000000000000133e-01
-7.650000000000000133e-01
-8.000000000000000444e-01
-7.650000000000000133e-01
-8.024999999999999911e-01
-7.700000000000000178e-01
-7.600000000000000089e-01
-7.750000000000000222e-01
-8.000000000000000444e-01
-8.125000000000000000e-01
-7.600000000000000089e-01
-8.100000000000000533e-01
-7.574999999999999512e-01
-8.000000000000000444e-01
-8.000000000000000444e-01
-7.724999999999999645e-01
-7.375000000000000444e-01
-6.925000000000000044e-01
-8.000000000000000444e-01
-7.600000000000000089e-01
-7.600000000000000089e-01
-7.674999999999999600e-01
-7.700000000000000178e-01
-7.700000000000000178e-01
-8.024999999999999911e-01
-8.100000000000000533e-01
-7.800000000000000266e-01
-7.724999999999999645e-01
-8.100000000000000533e-01
-7.974999999999999867e-01
-7.475000000000000533e-01
-7.674999999999999600e-01
-6.824999999999999956e-01
-8.199999999999999512e-01
-7.650000000000000133e-01
-5.675000000000000044e-01
-7.650000000000000133e-01
-7.974999999999999867e-01
-7.700000000000000178e-01
-8.000000000000000444e-01
-7.674999999999999600e-01
-7.700000000000000178e-01
-7.950000000000000400e-01
-7.700000000000000178e-01
-7.874999999999999778e-01
-8.024999999999999911e-01
-7.950000000000000400e-01
-7.950000000000000400e-01
-7.600000000000000089e-01
-7.225000000000000311e-01
-7.724999999999999645e-01
-7.574999999999999512e-01
-7.750000000000000222e-01
-7.600000000000000089e-01
-8.175000000000000044e-01
-7.650000000000000133e-01
-7.900000000000000355e-01
-8.175000000000000044e-01
-8.175000000000000044e-01
-7.700000000000000178e-01
-7.800000000000000266e-01
-8.149999999999999467e-01
-7.600000000000000089e-01
-7.750000000000000222e-01
-7.974999999999999867e-01
-7.524999999999999467e-01
-7.724999999999999645e-01
-7.824999999999999734e-01
-7.650000000000000133e-01
-7.624999999999999556e-01
-7.950000000000000400e-01
-7.650000000000000133e-01
-7.850000000000000311e-01
-7.874999999999999778e-01
-8.199999999999999512e-01
-7.724999999999999645e-01
-8.000000000000000444e-01
-8.149999999999999467e-01
-8.024999999999999911e-01
-7.900000000000000355e-01
-7.600000000000000089e-01
-7.650000000000000133e-01
-7.974999999999999867e-01
-7.600000000000000089e-01
-8.100000000000000533e-01
-7.125000000000000222e-01
-8.175000000000000044e-01
-7.674999999999999600e-01
-7.724999999999999645e-01
-7.650000000000000133e-01
-7.600000000000000089e-01
-7.524999999999999467e-01
-7.650000000000000133e-01
-8.074999999999999956e-01
-6.624999999999999778e-01
-8.000000000000000444e-01
-8.199999999999999512e-01
-8.199999999999999512e-01
-8.100000000000000533e-01
-8.050000000000000488e-01
