% # columns="iteration, evaluation, void, void, void, xmean", seed=788689, Fri Feb 16 10:33:32 2018, <python>{}</python> # scaling_of_variables: 1, typical_x: 0
1 9 0 0 0 -1.6284231768211728 -2.1367104452931978 -1.275886957237026 -1.7599231426362316 -1.4779617723210443 -1.6055201683338785
2 18 0 0 0 -1.4988391074914962 -2.103595627055056 -1.383977795974963 -1.4725920352183848 -1.4095226343108402 -1.7011167574243413
3 27 0 0 0 -1.4315459395014152 -1.5917591225025374 -1.363219723711279 -0.991638465959296 -1.438109105170678 -1.35133066500162
4 36 0 0 0 -0.9028541096045437 -2.1129732079698793 -1.2668280040904298 -1.115904973174573 -1.6383600163291634 -0.8790895982855093
5 45 0 0 0 -0.832788123131264 -1.4469303976935086 -0.8208981636368892 -0.9040689926123979 -1.3838633237022167 -0.6007753558799076
6 54 0 0 0 -0.6338726440591458 -1.169949347421198 -0.7096813796548369 -0.4877779305305385 -1.1612118936023506 -0.407620650504126
7 63 0 0 0 -0.3315308921228818 -1.3796001970583678 -0.76672913257976 -0.7382656724143907 -1.0233696784223731 -0.15987302784886254
8 72 0 0 0 -0.5423426506711979 -0.8765527326457054 -1.0907755533528536 -1.324440063537572 -1.1477263442991048 -0.4875364080497766
9 81 0 0 0 -1.0736871728173722 -0.6957932699857894 -0.989203440341152 -1.4390729222448555 -1.1020872113443376 -0.3201690348115624
10 90 0 0 0 -0.9107666272065734 -0.9701233721612172 -1.103362546740441 -1.1044182884713043 -0.9912866842687248 -0.6397917211997272
11 99 0 0 0 -1.0243314728583064 -1.1125208879973225 -0.984622556368692 -1.2397920720349302 -0.4018802121534819 -0.7209364688818448
12 108 0 0 0 -1.0171502350644341 -0.949457300652136 -0.6202905881858407 -0.7001238075113548 -0.6586036367312892 -0.4314846234006431
13 117 0 0 0 -1.1460569493151818 -0.7642483447698496 -0.8176000562179959 -0.8262980482224889 -1.0770442351421543 -0.7653662519659298
14 126 0 0 0 -0.9968280916588657 -0.9286252949966471 -0.7829838559849773 -0.8205475669133102 -0.9987991171048066 -0.44037900015811016
15 135 0 0 0 -0.8242298392878264 -1.055499463579245 -0.9947230283072686 -1.011110892321139 -1.0943123791394718 0.007200347389388517
16 144 0 0 0 -0.7418122913469104 -1.0604709079197383 -0.6476410894826847 -0.8535293727761495 -0.9539382423732906 -0.06750567210234082
17 153 0 0 0 -0.927501404385487 -0.8772577247605081 -0.5816522665159352 -0.875785012374998 -0.8750062918402188 -0.3475919805636092
18 162 0 0 0 -0.8278326188262974 -0.8027805685247484 -0.8344603068532405 -0.9178489367548217 -0.9405261564043631 -0.2687135174739778
19 171 0 0 0 -0.7911813845475163 -0.8661742018319996 -0.754353183575188 -1.0225573012783196 -0.992026736383235 -0.28835340081959693
20 180 0 0 0 -0.8878229773542968 -0.9016704177515152 -0.6280108830167078 -1.0013580621925289 -0.8004167653091745 -0.33798802554677454
21 189 0 0 0 -0.8982116003432961 -0.9679655900083407 -0.7720255047648317 -0.9829413245931639 -0.8537474040277168 -0.1506671753317408
22 198 0 0 0 -0.9161216876434936 -0.8303097749400978 -0.8237384705964867 -0.9496121683338307 -0.8710419385971608 -0.08575617380405126
23 207 0 0 0 -0.8855356075121392 -0.8534434689313868 -0.8666788390451393 -0.9116510441072996 -0.8517117252957241 0.01909946290505221
24 216 0 0 0 -0.9254918328973913 -0.856130014600126 -0.7716171492080075 -0.9416581430158389 -0.8724068992510694 0.052764027862860434
25 225 0 0 0 -0.9081670947298912 -0.9493137222166077 -0.7957032531725476 -0.9315097338092853 -0.9531914546327634 -0.05491735642388721
26 234 0 0 0 -0.9262737563862123 -0.9333309600904978 -0.8889812063423017 -0.8928528478258895 -0.9265994537383789 -0.08085025019577671
27 243 0 0 0 -0.9004311621463482 -0.9665375503931547 -0.915928270770474 -0.8791710912562078 -0.9265563012931323 -0.10291002781905438
28 252 0 0 0 -0.9114277761286096 -0.9151467716300707 -0.9115957169182382 -0.8838427886457447 -0.9306367989316695 -7.43050030340281e-05
29 261 0 0 0 -0.864503903873767 -0.9116896463289963 -0.8779643873838427 -0.8936051327712924 -0.9097377800870916 0.03438832892364185
30 270 0 0 0 -0.9497812722030571 -0.8952384968322592 -0.8486010029600914 -0.9060304442647956 -0.8978555783619484 -0.029193289044188456
31 279 0 0 0 -0.8987137188614148 -0.9153025100267848 -0.8706800016592068 -0.8879244521567948 -0.897072961945304 0.027143093874600108
32 288 0 0 0 -0.9111856796787944 -0.8801308539061145 -0.8807404721633632 -0.8874260371017159 -0.9125024399152578 0.007874427904515632
33 297 0 0 0 -0.9071571663696337 -0.8791639847749173 -0.8806759719277 -0.9067822807420265 -0.9108641079084014 0.030008699700366053
34 306 0 0 0 -0.8865212591522845 -0.9025730278856603 -0.8959851615239771 -0.906152723135116 -0.9240472163783626 0.03167296539172433
35 315 0 0 0 -0.895659798003353 -0.9126370371067131 -0.893987063860483 -0.9174438881963289 -0.8879715134355158 -0.010599566636914685
36 324 0 0 0 -0.895782421375272 -0.8899516017725814 -0.8947265605744467 -0.9071666775778872 -0.9076317743080113 -0.015055624316383982
37 333 0 0 0 -0.8896005333010069 -0.8981023187574969 -0.9060183227004611 -0.8983092719201832 -0.9002604957405448 -0.005154569655966973
38 342 0 0 0 -0.894707778243926 -0.9020362357584271 -0.9135986226779986 -0.9136860289669348 -0.8821674321250605 -0.020954281290547456
39 351 0 0 0 -0.8989981330978134 -0.8869155181830288 -0.9059241640437727 -0.8989767125364081 -0.9062866151338879 -0.009472460309710386
40 360 0 0 0 -0.8989439195209332 -0.8903020091115781 -0.9156218592530687 -0.8996427176089389 -0.9129027815447658 0.0005773123934850379
41 369 0 0 0 -0.9028853913158669 -0.8918727609806857 -0.9070978921148793 -0.8976115375362733 -0.9087912920754649 0.0031617207855325073
42 378 0 0 0 -0.9008480888601704 -0.8932759234453495 -0.9200158871366271 -0.8918205432099215 -0.9127733238303558 -0.0012423882284491885
43 387 0 0 0 -0.8955196786139075 -0.9019913233013122 -0.9169250527024938 -0.8934042898570724 -0.9066695766830151 0.007149590380191945
44 396 0 0 0 -0.8986215553117165 -0.8979087916785928 -0.9132419799144521 -0.8934067020470892 -0.9059699310281468 0.002117257500778468
45 405 0 0 0 -0.8982513473664029 -0.9018404034633415 -0.9116846838663805 -0.8957715821704788 -0.8951565969133717 -0.0028381727463907555
46 414 0 0 0 -0.898034436456739 -0.8949614256668841 -0.8996334144361445 -0.8973523408251314 -0.8991642839464676 0.004642356042441647
47 423 0 0 0 -0.9001607257926184 -0.8937004208419572 -0.9023038009450274 -0.8990295788738581 -0.8973638338257248 0.006542417765654139
48 432 0 0 0 -0.8981351614526341 -0.8952152531763767 -0.903578025817308 -0.9004047712105472 -0.9017529223634431 0.002722958749122508
49 441 0 0 0 -0.8971636158185627 -0.8975376833238589 -0.903137101985905 -0.9033900401624825 -0.9030927398906692 -0.0017635697529773259
50 450 0 0 0 -0.9019116343731394 -0.8931389013512671 -0.9020126400987756 -0.9042384893501385 -0.9014433072598468 -0.0043455411585041105
51 459 0 0 0 -0.9016913388421561 -0.8951012629552046 -0.9028214645006316 -0.9024261922573078 -0.8992268822192145 -0.0103698166857652
52 468 0 0 0 -0.900694237709752 -0.8943826938479397 -0.9025124395004029 -0.9028031311349052 -0.896602256324071 -0.008206208681517993
53 477 0 0 0 -0.8997066981542307 -0.8954272746938494 -0.8996994675797729 -0.9030244960707307 -0.8961052272709695 -0.004515590321067602
54 486 0 0 0 -0.8994222862446231 -0.8994504279868523 -0.9006894397602181 -0.9035499314280682 -0.8975344925798829 -0.006448619125860301
55 495 0 0 0 -0.8984526204141806 -0.900564652630754 -0.9014354272059995 -0.9029014585641916 -0.8978127751051063 -0.007362756192207822
56 504 0 0 0 -0.8998152805970907 -0.8996458083682044 -0.9026320119962512 -0.9003777180450275 -0.8976750497989552 0.00034448086883928555
57 513 0 0 0 -0.8994303103424651 -0.901955789495392 -0.9020352822552258 -0.9009855430337581 -0.8979717423594455 -0.00012046596375831772
58 522 0 0 0 -0.8993037017476352 -0.9007100946813926 -0.9027080907590906 -0.9007563929215677 -0.8987682733456099 0.0016560791868512914
59 531 0 0 0 -0.8995374071222456 -0.8996027035543909 -0.8997715156955043 -0.9015838607985224 -0.9004506261543296 0.004411799184606098
60 540 0 0 0 -0.9002535256958746 -0.9008224344149666 -0.898935465021131 -0.9010711520551143 -0.8997919342778609 0.0015615799246644678
61 549 0 0 0 -0.8996042950789248 -0.9007107618224466 -0.8993880367258281 -0.9005120625198063 -0.9003360361703687 -0.0021343688379392147
62 558 0 0 0 -0.8980700685716164 -0.9003581190574876 -0.9010697713222928 -0.899085861374774 -0.9004971227238064 -0.0014651321564843616
63 567 0 0 0 -0.8981578155908511 -0.901437036348224 -0.9006594424777121 -0.8995019984928195 -0.9010094228527805 -0.0014821280581414748
64 576 0 0 0 -0.8986478736830912 -0.9003544399846788 -0.9005692751998599 -0.8994566994716909 -0.9007005142768157 0.00029924576179450515
65 585 0 0 0 -0.8989602336208 -0.900707324629942 -0.899783627986425 -0.9006377414319499 -0.9007939052497651 0.0010684073805531898
66 594 0 0 0 -0.8986777545366198 -0.9008773642831583 -0.9002359242520687 -0.9004670691568022 -0.9001154291819282 0.0001014472035803628
67 603 0 0 0 -0.8991936709540482 -0.9000137297245294 -0.9003426051642225 -0.9007674149749544 -0.8997161731116277 -0.00018121873519411162
68 612 0 0 0 -0.89940637530096 -0.8999181375318749 -0.9004557252967754 -0.9000432807478277 -0.8993158212139942 -0.0006862470314078686
69 621 0 0 0 -0.8997855620123465 -0.9006528463574389 -0.9002285339449051 -0.9006980404501882 -0.8990887244278252 0.0002751120033028018
70 630 0 0 0 -0.8995994891672495 -0.9004068326624937 -0.8998903386190619 -0.900794645014042 -0.8992514096200213 0.0005614703066583074
71 639 0 0 0 -0.89985423568394 -0.9005145477325338 -0.9000128550460873 -0.9005513592686255 -0.8990987770883131 6.6935716218408e-05
72 648 0 0 0 -0.8997621889887073 -0.9001528016154133 -0.8995955869466056 -0.90030104717931 -0.8998607661698733 -0.0008490365649645565
73 657 0 0 0 -0.8999519097486532 -0.9001528281745144 -0.9000515598974066 -0.9002437086048656 -0.8997821484405312 -0.00031524890990987375
74 666 0 0 0 -0.8997127195550948 -0.9000880575801085 -0.8999749700534762 -0.9000388775529566 -0.8998166791071686 0.0009625838740820786
75 675 0 0 0 -0.9000029130450135 -0.8995915817407438 -0.9000574701423232 -0.9002417986759346 -0.900029581680714 0.0008050979416363398
76 684 0 0 0 -0.8997241136046001 -0.8999219885325851 -0.9000796577741255 -0.9003988742316443 -0.9006540667971393 0.00011822336885901851
77 693 0 0 0 -0.8999911317574047 -0.8999824254857428 -0.8999414061986662 -0.9004225171222603 -0.900768937990344 -0.0003889981907130015
78 702 0 0 0 -0.8998844905791108 -0.9000292947367197 -0.9000486159664398 -0.9004072531326913 -0.9002561301344303 -0.00034558103003062097
79 711 0 0 0 -0.9001892691078167 -0.8998348522261851 -0.8997822253565031 -0.9002695874070831 -0.900065652526538 -0.00013901101638240875
80 720 0 0 0 -0.9002286541684806 -0.9000544996772583 -0.8997534700377209 -0.9003379722203743 -0.9001091862993308 0.00014510646980794503
81 729 0 0 0 -0.9002364827238897 -0.8999663719482671 -0.8996862084778656 -0.9001725847847881 -0.8999471378359983 0.0005893157122834169
82 738 0 0 0 -0.9001083855543228 -0.8999681261759062 -0.8998235928205486 -0.9002730657848032 -0.8997348868697768 0.00048833154248189
83 747 0 0 0 -0.899986528038185 -0.8999301318302029 -0.8999526559712011 -0.9001873104479274 -0.8997319176570692 0.0001987543268761856
84 756 0 0 0 -0.8998244641233022 -0.8998940771311176 -0.8999832901535336 -0.9001710623170003 -0.8997937328724178 0.00035883615078005664
85 765 0 0 0 -0.8999612496431856 -0.9000690300306609 -0.9000928516697699 -0.9001980401338575 -0.899674759794483 0.0001310664308065958
86 774 0 0 0 -0.8999657263438432 -0.9000471056190307 -0.8999952852066855 -0.9001084905577643 -0.899946457307366 -7.491457372209412e-05
87 783 0 0 0 -0.9001310379263213 -0.9001095051710899 -0.8999750681833174 -0.9000273082564088 -0.9000952285161519 1.0051527244259403e-05
88 792 0 0 0 -0.8999831427490133 -0.9002634228864667 -0.9000123323211848 -0.8999810245272412 -0.9000323159138746 -0.0003503834235322782
89 801 0 0 0 -0.9000192600630064 -0.9002032285562155 -0.9001004274650164 -0.89998141727096 -0.8999410368313161 4.899512248141772e-05
90 810 0 0 0 -0.900099996346433 -0.900071203608489 -0.9001498614161889 -0.9001170860707545 -0.8999317212077729 -3.824194300017265e-05
91 819 0 0 0 -0.9000389852469907 -0.8999995255104024 -0.9000527403250022 -0.9001306069240769 -0.8999037051505513 9.965385084631857e-05
92 828 0 0 0 -0.9000365112322878 -0.9000502558703707 -0.8999974473514698 -0.900060455252293 -0.8999446598151869 7.43641755787076e-05
93 837 0 0 0 -0.8999931612015455 -0.8999530389057044 -0.8999953666429901 -0.9000785708796211 -0.8999466590934333 0.00014038766517132328
94 846 0 0 0 -0.9000079221556742 -0.9000400515672036 -0.8999847716625082 -0.8999751887632255 -0.8999776044697307 0.00021039038006974862
95 855 0 0 0 -0.899994278995389 -0.9000108100029953 -0.8999606128805451 -0.8999418816774327 -0.8999634089401038 0.0002015589797509734
96 864 0 0 0 -0.9000025227479849 -0.8999681878467896 -0.8998899710607323 -0.899986980410037 -0.900009434770448 0.0002371143925264865
97 873 0 0 0 -0.8999539453602098 -0.899956045274889 -0.8999527040379615 -0.8999723460377317 -0.8999996233421244 0.0001147413762269564
98 882 0 0 0 -0.8999549928015557 -0.8999252312152113 -0.8999408440020856 -0.8999919624968573 -0.8999816559660333 8.653581420782258e-05
99 891 0 0 0 -0.9000306181817761 -0.8999593614183617 -0.8999697541018375 -0.9000372044588102 -0.9000023949299933 2.095358816683952e-05
100 900 0 0 0 -0.9000377130244788 -0.8999501737193286 -0.8999975337509674 -0.9000444866822561 -0.9000012669673765 -3.4664201540510198e-06
101 909 0 0 0 -0.9000016042167805 -0.8999919313578282 -0.9000162732078942 -0.9000154219637859 -0.899959083314644 -8.636161351774989e-06
102 918 0 0 0 -0.9000088208016354 -0.8999596146731594 -0.900009445711639 -0.9000022431553311 -0.8999726564633164 -6.501291177406923e-05
103 927 0 0 0 -0.9000059367805391 -0.8999836480473226 -0.8999851445849014 -0.8999855175600191 -0.900007411991385 -7.036356553035181e-05
104 936 0 0 0 -0.9000084774923471 -0.8999901701712036 -0.8999901597906512 -0.9000086913355851 -0.9000096228575555 5.42546712985792e-05
105 945 0 0 0 -0.900012099490523 -0.899977455018045 -0.8999929810842342 -0.9000115373481632 -0.8999919773195141 4.148861930962266e-05
106 954 0 0 0 -0.9000083962297171 -0.8999807277279834 -0.8999821948014691 -0.900015155401819 -0.9000218235356933 8.21197632842872e-06
107 963 0 0 0 -0.8999984598064296 -0.8999767193805421 -0.8999912785327869 -0.9000029857406012 -0.9000033400565246 9.770256192630473e-06
108 972 0 0 0 -0.8999863018026332 -0.8999830899635943 -0.8999965354502357 -0.9000034812919084 -0.9000205814228501 3.2525294807361538e-06
109 981 0 0 0 -0.9000028143276431 -0.8999911185136067 -0.9000068893089831 -0.8999919293297998 -0.9000202154512661 1.3951875030050638e-05
110 990 0 0 0 -0.9000053960262491 -0.8999933736116785 -0.9000206933513795 -0.8999797241135895 -0.9000092886436819 1.665098682047404e-05
111 999 0 0 0 -0.8999948565828022 -0.9000004065043072 -0.9000120159444598 -0.8999891719359453 -0.8999969228510122 8.112413351305054e-06
112 1008 0 0 0 -0.8999887820236345 -0.8999884403183736 -0.9000054538303393 -0.8999928687201993 -0.9000073442778411 1.0379113436908423e-05
113 1017 0 0 0 -0.9000011134058721 -0.8999845240936689 -0.8999996067863758 -0.9000026972539178 -0.8999923688772415 2.3149478171816824e-06
114 1026 0 0 0 -0.8999922958464673 -0.8999914210951309 -0.9000004514225619 -0.8999993158592493 -0.8999981303572948 1.166323069267342e-05
115 1035 0 0 0 -0.8999985899650557 -0.899996450038816 -0.89999913670397 -0.9000002120534398 -0.8999997444128488 1.4888629871595638e-05
116 1044 0 0 0 -0.8999984858862073 -0.899994828834013 -0.9000004177549139 -0.9000004641005739 -0.9000018121218076 1.904941132233534e-05
117 1053 0 0 0 -0.9000003969347885 -0.8999985865322796 -0.9000017919988295 -0.9000009601195791 -0.8999967050769535 1.762329320796918e-05
118 1062 0 0 0 -0.8999985888273578 -0.9000003595475792 -0.8999971351768685 -0.899998223114379 -0.8999964950126702 1.5140742368216112e-05
119 1071 0 0 0 -0.899998291003386 -0.9000019202255535 -0.8999998270368542 -0.9000029820010105 -0.900004602577844 2.3849249020110432e-05
120 1080 0 0 0 -0.9000024524733808 -0.900001757276134 -0.899996545775655 -0.9000021508800292 -0.9000052835041591 9.767494686284377e-06
121 1089 0 0 0 -0.9000019955828924 -0.8999963068729272 -0.9000026165703097 -0.8999999081287157 -0.9000067302504869 -1.0623166696538656e-06
122 1098 0 0 0 -0.9000024808388167 -0.8999995097601374 -0.9000013850423486 -0.9000001858503862 -0.8999999149993841 -1.712059118520714e-06
123 1107 0 0 0 -0.9000013522724765 -0.9000017544442193 -0.8999995960558373 -0.8999972001679922 -0.89999591432111 2.437528030745397e-06
124 1116 0 0 0 -0.8999998124056023 -0.9000012691425933 -0.9000008281229072 -0.8999975490559632 -0.8999979986361738 5.827869260226182e-06
125 1125 0 0 0 -0.8999986217043082 -0.8999980140495119 -0.9000002877896108 -0.8999994510484097 -0.8999985951507896 1.0093698535307109e-06
126 1134 0 0 0 -0.9000004095241841 -0.8999976743522311 -0.9000012560918343 -0.9000010304143701 -0.8999963494975796 -7.175040362003578e-06
127 1143 0 0 0 -0.900001727654334 -0.8999986514004984 -0.899999855052911 -0.8999984388153511 -0.8999951151744975 -4.312083454167094e-06
128 1152 0 0 0 -0.9000022113058559 -0.900000739471095 -0.9000018473229379 -0.8999989494093844 -0.8999957393591103 8.364050464108042e-07
129 1161 0 0 0 -0.9000021533530802 -0.9000009105956176 -0.900001600609808 -0.8999985969226323 -0.899995837187679 -8.002767204091834e-07
130 1170 0 0 0 -0.9000044531088014 -0.900001606072795 -0.9000014314915726 -0.9000000413992031 -0.899998246539466 -5.620510629024529e-06
131 1179 0 0 0 -0.9000040814186674 -0.899999681127792 -0.9000017549265003 -0.8999980710763545 -0.8999993397926502 -6.200748761387862e-06
132 1188 0 0 0 -0.9000003823103132 -0.8999990223095609 -0.8999996689308815 -0.8999962531761309 -0.8999986152729541 -3.746110293843122e-06
133 1197 0 0 0 -0.9000011778023344 -0.8999986960694996 -0.899999568076052 -0.8999976520169753 -0.8999984096835006 -2.044640720693044e-06
134 1206 0 0 0 -0.900001840136702 -0.8999988452860357 -0.900000112225913 -0.8999981879384334 -0.8999990411667034 -4.838221327825066e-07
135 1215 0 0 0 -0.9000004639120908 -0.9000007582146891 -0.8999999774967633 -0.9000000987774314 -0.8999997237331998 -1.1727203248473936e-06
136 1224 0 0 0 -0.8999989925897064 -0.9000010482403027 -0.9000003003572458 -0.8999999081493651 -0.8999997529778127 -5.967946574552704e-08
137 1233 0 0 0 -0.8999989809962304 -0.8999997627908101 -0.900001141892263 -0.8999997412605489 -0.9000010718707441 1.3584337798193689e-06
138 1242 0 0 0 -0.8999994964265636 -0.9000010648606549 -0.8999997197587517 -0.9000007761855361 -0.9000007846010105 2.1371729774045274e-06
139 1251 0 0 0 -0.899999334285424 -0.9000008052250469 -0.8999993474113709 -0.9000006012210453 -0.899999556137076 1.378808055632384e-06
140 1260 0 0 0 -0.8999997461954469 -0.9000002245673894 -0.8999994946423125 -0.9000017456636178 -0.8999993890063748 1.0362744669449233e-06
141 1269 0 0 0 -0.9000002824522461 -0.900000155988813 -0.8999991030824991 -0.9000008117306247 -0.9000000335832495 8.907123342148004e-07
142 1278 0 0 0 -0.9000005108716845 -0.8999998256565216 -0.8999993211548765 -0.9000007661570778 -0.8999997824724343 1.4174427654034094e-06
143 1287 0 0 0 -0.9000000698605155 -0.8999992405299031 -0.8999993306524472 -0.9000009078893634 -0.8999996387142875 -3.13255363597428e-07
144 1296 0 0 0 -0.8999999988460068 -0.8999993422854633 -0.8999995385907045 -0.900001120605023 -0.8999999943471341 -2.986232607644887e-07
145 1305 0 0 0 -0.8999999251491126 -0.8999999813790539 -0.8999991298668698 -0.9000011477617003 -0.8999997183280892 -4.582507765624336e-07
146 1314 0 0 0 -0.8999999628736346 -0.8999996798566103 -0.8999995977764963 -0.9000008443566583 -0.8999996888561713 -1.3417472638775054e-06
147 1323 0 0 0 -0.8999997478890895 -0.9000000032465341 -0.899999830558701 -0.900000958471913 -0.8999999948472543 -1.1410645943689248e-06
148 1332 0 0 0 -0.9000001759145223 -0.8999996645315657 -0.8999997072118769 -0.9000002065846588 -0.8999999907960994 -1.6087244487939362e-06
149 1341 0 0 0 -0.9000002779896512 -0.8999998987625477 -0.8999996078916238 -0.9000000847260784 -0.8999999478187429 -6.614377211063052e-07
150 1350 0 0 0 -0.8999998964824448 -0.8999995805427174 -0.899999962009437 -0.9000001808349675 -0.8999999651071257 -2.9661744927445157e-07
151 1359 0 0 0 -0.9000001422548655 -0.8999998781806907 -0.8999997677509379 -0.9000000080449078 -0.9000002245897315 -8.55603919606734e-08
152 1368 0 0 0 -0.8999999895573649 -0.9000000068387259 -0.8999998493963611 -0.8999999884153242 -0.9000000905043203 -3.2669878549026454e-07
153 1377 0 0 0 -0.8999999093548336 -0.8999999127098771 -0.899999942740674 -0.899999878650921 -0.8999999181936896 -2.3488523844977565e-08
154 1386 0 0 0 -0.8999999420561285 -0.9000000725982673 -0.9000000553777537 -0.899999928697224 -0.8999997536866804 2.4316257614546503e-07
155 1395 0 0 0 -0.8999999414062196 -0.8999999541196281 -0.9000001140485535 -0.9000000106121409 -0.8999997171677039 -2.730160904727961e-07
156 1404 0 0 0 -0.9000001555905892 -0.900000071408101 -0.8999999474386097 -0.9000001089774008 -0.8999998795386865 -3.584634489437134e-07
157 1413 0 0 0 -0.9000001084094416 -0.8999999305815817 -0.9000000237315453 -0.8999999797264834 -0.8999999613982056 -5.182588804892067e-07
158 1422 0 0 0 -0.9000000633873179 -0.8999999084257276 -0.9000000321311906 -0.9000000587046709 -0.8999999473054049 -4.0527021026708616e-07
159 1431 0 0 0 -0.9000000122541011 -0.8999999374739484 -0.8999998842880932 -0.9000001381085712 -0.8999999968067 -1.703931847441818e-07
160 1440 0 0 0 -0.9000000658105868 -0.8999998789780486 -0.9000000019306984 -0.9000000772525459 -0.8999999776068418 -2.629299568783516e-07
161 1449 0 0 0 -0.9000000961691986 -0.8999999716225976 -0.8999999918677974 -0.9000001437352539 -0.8999999944782887 -1.10102622320039e-08
162 1458 0 0 0 -0.9000000926902704 -0.899999966980014 -0.9000000084539896 -0.9000001010460621 -0.9000000133952066 6.703037059496615e-08
163 1467 0 0 0 -0.9000000611075282 -0.9000000194044409 -0.8999999936908744 -0.9000000719574348 -0.8999999847101297 7.270167085729286e-08
164 1476 0 0 0 -0.9000000404858851 -0.8999999322193104 -0.9000000245044132 -0.8999999810513934 -0.900000000493527 3.300354791852245e-08
165 1485 0 0 0 -0.9000000346360533 -0.8999999579956002 -0.9000000660107887 -0.8999999611002217 -0.90000001325147 2.2546271316088614e-08
166 1494 0 0 0 -0.900000044794139 -0.9000000114227837 -0.9000000464923599 -0.8999999672452226 -0.899999986920775 5.621440125729587e-08
167 1503 0 0 0 -0.9000000381380134 -0.9000000248985399 -0.9000000526528324 -0.8999999928786429 -0.899999957742535 7.194786860026234e-08
168 1512 0 0 0 -0.9000000127998156 -0.8999999951549852 -0.8999999989152279 -0.8999999887070489 -0.899999965417784 9.225691488654289e-08
169 1521 0 0 0 -0.9000000247293699 -0.8999999943328321 -0.8999999640689681 -0.8999999952503299 -0.8999999812894242 4.5236186371702597e-08
170 1530 0 0 0 -0.9000000272102161 -0.8999999880479491 -0.8999999823898511 -0.9000000122470678 -0.899999993204312 -2.1432689545630812e-08
171 1539 0 0 0 -0.900000020609379 -0.8999999925179681 -0.8999999843426454 -0.9000000050647982 -0.9000000060960713 1.6696687354050676e-08
172 1548 0 0 0 -0.8999999859492885 -0.8999999950321418 -0.8999999964080584 -0.9000000112280044 -0.9000000089273121 5.8981680343767725e-09
173 1557 0 0 0 -0.8999999978578129 -0.9000000098579986 -0.9000000061168171 -0.9000000154021136 -0.8999999936412613 2.4160573619928153e-09
174 1566 0 0 0 -0.900000006503963 -0.8999999992976172 -0.9000000096964077 -0.9000000019434806 -0.899999984140596 3.75460302244572e-09
175 1575 0 0 0 -0.9000000053800853 -0.9000000077211068 -0.9000000067129436 -0.9000000065139192 -0.8999999919340168 -3.1014177767192994e-08
176 1584 0 0 0 -0.9000000041301555 -0.8999999975223425 -0.9000000023537345 -0.9000000093829743 -0.8999999851166728 -2.9203384663062437e-08
