% # columns="iteration, evaluation, sigma, void, void,  stds==sigma*sqrt(diag(C))", seed=892510, Fri Feb 16 18:41:17 2018, <python>{}</python>
1 6 0.6164843062936013 0 0 0.7771338913858732 0.5591743629058417
2 12 0.8421784235466193 0 0 1.3072675634228728 0.6653080117869707
3 18 1.027535780162302 0 0 1.6594554519507856 0.854885926196751
4 24 1.6242695075590223 0 0 2.699823759153454 1.425006349226145
5 30 1.7948795372890527 0 0 2.3286483235889537 1.6496628633184303
6 36 2.013820330101885 0 0 2.1419383877372193 2.0833992477604917
7 42 2.44945859245192 0 0 2.2220204427856016 2.9538444170943894
8 48 2.4815610956930714 0 0 2.099169350618502 2.65988959779634
9 54 2.1988556127493664 0 0 1.820150767101007 2.1178548071194445
10 60 1.771848602387131 0 0 1.2219401482854264 1.6115943932887833
11 66 1.3658581497375926 0 0 0.916649830537506 0.9945480422536807
12 72 1.3048491097957797 0 0 0.862134681698223 0.823608331988327
13 78 0.9967014031162593 0 0 0.6310274188610479 0.5177925476520969
14 84 0.8046670313598836 0 0 0.4664679628150128 0.3828215983630633
15 90 0.8301435811983868 0 0 0.4827431582548512 0.3616892729528444
16 96 0.6222404350502502 0 0 0.32370299847198925 0.23130286216837306
17 102 0.5350968222405658 0 0 0.24969536673750206 0.19266870272428108
18 108 0.5039034082670906 0 0 0.1985632935327137 0.17040540293647125
19 114 0.38344061368712024 0 0 0.14071902897728963 0.10451664726491339
20 120 0.3545343630544967 0 0 0.13627808566991284 0.07784861682311321
21 126 0.28294181989540446 0 0 0.08467349049527549 0.06073060469462504
22 132 0.26962417306725933 0 0 0.07219176991147151 0.05783003838575092
23 138 0.23921268459787148 0 0 0.0610024145504965 0.048404108800120395
24 144 0.22208775216602514 0 0 0.05559874295702211 0.04087317907943446
25 150 0.18844171595230966 0 0 0.04477711980229503 0.032544607649304134
26 156 0.19382664067924668 0 0 0.04684205952494656 0.028863782375379073
27 162 0.182484708732837 0 0 0.035895181977978724 0.027003763586568825
28 168 0.18098667975109986 0 0 0.029457737197574562 0.02910510671510718
29 174 0.17705870362152118 0 0 0.027695191960805957 0.026151663366722474
30 180 0.14360804327746565 0 0 0.017832681023744603 0.02109547622801578
31 186 0.10000845677460392 0 0 0.010195993576274908 0.013877674106676228
32 192 0.10529992232720016 0 0 0.010405887532805962 0.013152146330782901
33 198 0.09422653720949667 0 0 0.008474788576952792 0.011440364564652571
34 204 0.07541874163995625 0 0 0.006567343120032355 0.0075726774652380095
35 210 0.06396470423535162 0 0 0.004970126785019323 0.006030968656674044
36 216 0.05304513541540949 0 0 0.004081871356131145 0.0042009393117838365
37 222 0.05594365627470363 0 0 0.004531280463106631 0.0036611882857646816
38 228 0.05092616464106609 0 0 0.004194525246211784 0.0031427922528891213
39 234 0.049077059947078755 0 0 0.003816856551598953 0.0028595512936243446
40 240 0.03862228285942529 0 0 0.0023793093178222213 0.0022476538040573147
41 246 0.03403335918073944 0 0 0.001999127277681844 0.001740620566948746
42 252 0.025220678936803013 0 0 0.0012375857447419435 0.001240324939418467
43 258 0.02658079597873982 0 0 0.0010180200811605354 0.0013716319042297602
44 264 0.020948539306474095 0 0 0.0007059802517431689 0.0009831608961648531
45 270 0.022180001471526725 0 0 0.0008382368582086968 0.0008732009157108286
46 276 0.02055112148061646 0 0 0.0006683840179412658 0.0008039158597272382
47 282 0.01797550914349547 0 0 0.0005542709124264049 0.0006265848098774355
48 288 0.019824916896826396 0 0 0.000657174356299906 0.0006561515086208656
49 294 0.014539901345050616 0 0 0.0004705578323357224 0.0003793915151761475
50 300 0.011766318061051785 0 0 0.0003095519385046947 0.00029882228078045663
51 306 0.01092744357289616 0 0 0.0002765019537402552 0.00025667910576257903
52 312 0.009905527655854845 0 0 0.00022050957613538568 0.00022261893943839844
53 318 0.007743402543785721 0 0 0.00014270606634595633 0.00016869245950563245
54 324 0.007608805880613035 0 0 0.00013074893730654187 0.00015454060467636635
55 330 0.0060527927361022 0 0 9.373136497385631e-05 0.00011033936258128851
56 336 0.00487145470612552 0 0 6.188863797253509e-05 8.584435558766112e-05
57 342 0.003636214886828223 0 0 4.598942584961497e-05 5.319921517485468e-05
58 348 0.0030100329334084544 0 0 3.266903299803021e-05 3.943803574328742e-05
59 354 0.0031583124024544503 0 0 3.153622073252563e-05 4.2580370290528575e-05
60 360 0.002737003202204786 0 0 2.576527177748612e-05 3.2118881961430896e-05
61 366 0.0026637174084541775 0 0 2.5785024716832037e-05 2.6498316978743484e-05
62 372 0.002791018478090806 0 0 2.4967493904171488e-05 2.9314114739998628e-05
63 378 0.0023216674928509128 0 0 2.0474491253012018e-05 2.0290723576890767e-05
64 384 0.002082519663669539 0 0 1.6920356386726846e-05 1.724097894663138e-05
65 390 0.00212373630002815 0 0 1.472625106929196e-05 1.8860235583837813e-05
66 396 0.0015952782595034388 0 0 9.959264059625632e-06 1.249784223685325e-05
67 402 0.0012656362910594644 0 0 6.287298460663219e-06 9.697465108462538e-06
68 408 0.0011405824339516108 0 0 5.147729561633907e-06 8.29256335418028e-06
69 414 0.0009540888316630829 0 0 3.5285111385848226e-06 6.661942312185081e-06
70 420 0.0009328875362960641 0 0 3.5282133297016096e-06 5.811432280759659e-06
71 426 0.0007759975936185184 0 0 2.9256041216359583e-06 4.116311160425871e-06
72 432 0.0007023994512583329 0 0 2.7014484551861543e-06 3.1266896020671005e-06
73 438 0.0006612177446468913 0 0 2.4337453019818132e-06 2.508321388586767e-06
74 444 0.00047539667814885353 0 0 1.464671578739408e-06 1.6750194498155676e-06
75 450 0.0003442073763618654 0 0 1.0145878390945264e-06 9.915150040715353e-07
76 456 0.0002521843444001761 0 0 6.653844538123693e-07 6.375961843403819e-07
77 462 0.0002264567604972746 0 0 5.236555918009797e-07 5.471273677796406e-07
78 468 0.00023256859439218627 0 0 5.378358696019485e-07 5.111445667442416e-07
79 474 0.00031685565499727273 0 0 8.411392067711943e-07 7.251378353006442e-07
80 480 0.0004056626953665281 0 0 9.655851210380337e-07 1.0940822607126326e-06
81 486 0.0005267292219099048 0 0 1.0617032245833922e-06 1.7161056211339554e-06
82 492 0.0004091432272830256 0 0 7.557423774285119e-07 1.132326406824135e-06
83 498 0.00034180237106901036 0 0 5.606847861110907e-07 8.998641346075618e-07
84 504 0.0002980375244764327 0 0 4.434345231227868e-07 7.484174162120035e-07
85 510 0.0002329709364452265 0 0 3.2478189798906986e-07 5.192771703548565e-07
86 516 0.00017960713191503654 0 0 2.4089560220244185e-07 3.275099379033866e-07
87 522 0.00013673946085369432 0 0 1.5274627025107693e-07 2.0427916557982737e-07
88 528 0.00010267496751533829 0 0 1.0245218571268515e-07 1.3023576748114283e-07
89 534 0.00011212462260798806 0 0 1.0844827734720414e-07 1.51917349727003e-07
90 540 0.00011040515512113264 0 0 1.0466231657876963e-07 1.3777494655130565e-07
91 546 7.935319895052383e-05 0 0 7.059738462443319e-08 8.564003670045099e-08
92 552 7.387378100353463e-05 0 0 6.578764198837394e-08 7.040854942480053e-08
93 558 6.142730409329585e-05 0 0 4.5264618664291385e-08 5.670797386435064e-08
94 564 5.033625659814507e-05 0 0 3.466758794062992e-08 4.033725528889206e-08
24 144 1.204522652066668 0 0 0.0773545476532457 1.0781263263467376
25 150 0.9698979673146627 0 0 0.05862866960290201 0.745267456334153
26 156 0.8899528102733189 0 0 0.04796840460500277 0.6804147080976537
27 162 0.7742005045796798 0 0 0.03731292063042021 0.5399378012228546
28 168 0.9087142875195098 0 0 0.04377163148492971 0.7105616283394798
29 174 0.8164040430381454 0 0 0.03342743025006003 0.5796185920150198
30 180 0.6069184387849886 0 0 0.021454725280905 0.39196652894394474
31 186 0.5619109103789657 0 0 0.018787242554474233 0.3478844632951944
32 192 0.7729986549652407 0 0 0.021821174234587674 0.669045613093813
33 198 0.8465212696857587 0 0 0.021519976171961417 0.8135079575638284
34 204 0.7667237223428355 0 0 0.016493347896260245 0.7790176331506747
35 210 0.5737711672350562 0 0 0.01064752919732172 0.5511961914229468
36 216 0.6764307131806006 0 0 0.011978497191741875 0.7700295947623578
37 222 0.8680331409215819 0 0 0.012746822093363818 1.2925303494708429
38 228 0.713990730897018 0 0 0.008720380509554947 1.0080902427873093
39 234 0.6780687597579692 0 0 0.007765627973259442 0.8792028701099325
40 240 0.5107132380073233 0 0 0.004763577589346985 0.626803428721887
41 246 0.42935354197392744 0 0 0.0034264425754196868 0.49301731914465474
42 252 0.4617069580668589 0 0 0.0038733419378764646 0.5242213782533596
43 258 0.4045360742110596 0 0 0.0029727612160024555 0.4243733502255816
44 264 0.28931467220370355 0 0 0.0020491597205018626 0.279252040717959
45 270 0.31449902123246715 0 0 0.002041817098599209 0.3044466629418164
46 276 0.24154517178878768 0 0 0.0013412266065774066 0.20787462233822587
47 282 0.269428129991181 0 0 0.0012276218341614373 0.2743903080009708
48 288 0.2653759763683234 0 0 0.0012965897561465069 0.25034174196261844
49 294 0.24793104538317778 0 0 0.0012926179753971177 0.21675054557058507
50 300 0.23588437748667423 0 0 0.0012065567460775915 0.19583280532556904
51 306 0.2120179916198799 0 0 0.0009256836937802245 0.16497956031837963
52 312 0.20106898836033096 0 0 0.0009588523380290586 0.14884670880443251
53 318 0.19999693527027934 0 0 0.0008959691728160737 0.12895331898723045
