1.680244644839293811e+00 2.200000000000000178e+00
4.180244644839294033e+00 2.200000000000000178e+00
1.680244644839293811e+00 4.700000000000000178e+00
-8.197553551607061895e-01 2.200000000000000178e+00
1.680244644839293811e+00 -2.999999999999998224e-01
3.971434326044904761e-01 5.000000000000000000e+00
-4.404494306651651758e-01 -1.768961653073449991e+00
-2.966807333675243186e-01 -1.334722896567698491e+00
-1.657830436581739786e-01 -9.429614265004500062e-01
-4.631907119806477624e-02 -5.893830831317168339e-01
6.302036787453646483e-02 -2.701308954154431063e-01
1.521935789006125805e-01 4.373890142553082505e+00
2.526209856107639595e-01 2.813836232321655917e-01
3.156572201645035936e-01 3.864467372025812253e+00
1.109463440048834126e+00 2.885430864562548603e+00
2.112852989964588257e+00 5.111345866073788713e-01
3.849759820034392988e+00 3.608980598504943349e-01
1.483604047418738192e+00 7.716967822040805558e-01
1.651414125668405397e+00 -8.234946710032000627e-01
2.815857383431718208e+00 1.569933571716879861e+00
2.038534710048449217e+00 9.010953770651086714e-01
1.257089943655954833e+00 -6.109663016864530505e-02
2.914407771773678490e+00 4.645094494122814499e-02
2.922446289222482729e+00 7.108335185063874295e-01
2.194920992222870293e+00 4.069932506505099523e-01
2.783566064965908637e+00 4.314849676093254205e-01
2.132659037316713579e+00 6.552339715526085406e-01
1.689898396047208484e+00 1.641154357695140398e-01
1.628931279484109984e+00 6.020367899447283122e-01
1.925484254263896355e+00 5.260413095306467612e-01
1.818531162864426509e+00 7.802847270881339004e-01
2.019006867512417092e+00 6.133473617275088108e-01
1.928722694210660560e+00 2.456915943589426665e-01
2.375484795307719832e+00 6.358716407149604954e-01
1.961177692288241126e+00 2.979028105428658257e-01
2.323523537258285199e+00 6.164018719794170931e-01
1.985289074346624716e+00 3.418634876859333316e-01
2.282088925806337265e+00 5.991610405688048147e-01
2.016398870866228155e+00 3.691061938357023120e-01
2.254362755208327407e+00 5.731838421273478534e-01
2.135190847383631407e+00 5.865100865055909996e-01
2.063030669910667303e+00 3.963208020313777058e-01
2.103329880264085627e+00 6.233733055659292921e-01
2.114494608100721873e+00 5.676756748971597544e-01
2.127793572232724806e+00 4.211261430327034594e-01
2.194030989152916167e+00 4.987582952382113022e-01
2.094704676723063042e+00 4.394931095182487701e-01
2.111055244802537700e+00 4.446449126118464656e-01
2.122477981659120161e+00 5.702183198154087140e-01
