-8.074999999999999956e-01
-7.624999999999999556e-01
-8.074999999999999956e-01
-8.050000000000000488e-01
-8.074999999999999956e-01
-8.024999999999999911e-01
-7.950000000000000400e-01
-7.974999999999999867e-01
-7.974999999999999867e-01
-8.000000000000000444e-01
-8.000000000000000444e-01
-8.024999999999999911e-01
-8.024999999999999911e-01
-8.024999999999999911e-01
-8.024999999999999911e-01
-8.100000000000000533e-01
-7.800000000000000266e-01
-8.074999999999999956e-01
-8.074999999999999956e-01
-8.050000000000000488e-01
-8.074999999999999956e-01
-8.050000000000000488e-01
-8.074999999999999956e-01
-8.074999999999999956e-01
-8.074999999999999956e-01
-8.050000000000000488e-01
-8.100000000000000533e-01
-8.074999999999999956e-01
-8.074999999999999956e-01
-8.100000000000000533e-01
-8.074999999999999956e-01
-8.074999999999999956e-01
-8.100000000000000533e-01
-8.100000000000000533e-01
-8.100000000000000533e-01
-8.100000000000000533e-01
-8.100000000000000533e-01
-8.074999999999999956e-01
-8.074999999999999956e-01
-8.074999999999999956e-01
-8.100000000000000533e-01
-8.074999999999999956e-01
-8.100000000000000533e-01
-8.100000000000000533e-01
-8.100000000000000533e-01
-8.074999999999999956e-01
-8.100000000000000533e-01
-8.100000000000000533e-01
-8.100000000000000533e-01
