-7.674999999999999600e-01
-5.500000000000000444e-01
-8.050000000000000488e-01
-7.924999999999999822e-01
-7.175000000000000266e-01
-7.924999999999999822e-01
-7.824999999999999734e-01
-7.650000000000000133e-01
-7.624999999999999556e-01
-7.824999999999999734e-01
-7.974999999999999867e-01
-7.974999999999999867e-01
-5.625000000000000000e-01
-7.624999999999999556e-01
-5.524999999999999911e-01
-7.850000000000000311e-01
-7.774999999999999689e-01
-7.700000000000000178e-01
-7.800000000000000266e-01
-7.674999999999999600e-01
-7.924999999999999822e-01
-7.800000000000000266e-01
-7.524999999999999467e-01
-8.024999999999999911e-01
-7.900000000000000355e-01
-5.925000000000000266e-01
-8.125000000000000000e-01
-5.600000000000000533e-01
-8.074999999999999956e-01
-8.100000000000000533e-01
-8.050000000000000488e-01
-8.125000000000000000e-01
-5.699999999999999512e-01
-8.050000000000000488e-01
-7.974999999999999867e-01
-5.899999999999999689e-01
-7.900000000000000355e-01
-7.600000000000000089e-01
-7.574999999999999512e-01
-7.524999999999999467e-01
-8.100000000000000533e-01
-7.674999999999999600e-01
-7.800000000000000266e-01
-7.900000000000000355e-01
-7.924999999999999822e-01
-7.974999999999999867e-01
-7.550000000000000044e-01
-7.974999999999999867e-01
-8.050000000000000488e-01
-7.824999999999999734e-01
-7.800000000000000266e-01
-6.624999999999999778e-01
-7.800000000000000266e-01
-7.774999999999999689e-01
-7.974999999999999867e-01
-7.974999999999999867e-01
-7.500000000000000000e-01
-8.100000000000000533e-01
-7.924999999999999822e-01
-7.974999999999999867e-01
-7.774999999999999689e-01
-7.974999999999999867e-01
-8.100000000000000533e-01
-8.074999999999999956e-01
-8.074999999999999956e-01
-8.050000000000000488e-01
-7.974999999999999867e-01
-7.924999999999999822e-01
-7.900000000000000355e-01
-7.974999999999999867e-01
-7.700000000000000178e-01
-7.850000000000000311e-01
-6.925000000000000044e-01
-8.100000000000000533e-01
-5.550000000000000488e-01
-8.074999999999999956e-01
-7.974999999999999867e-01
-8.074999999999999956e-01
-5.500000000000000444e-01
-8.000000000000000444e-01
-5.500000000000000444e-01
-8.100000000000000533e-01
-7.750000000000000222e-01
-7.850000000000000311e-01
-7.674999999999999600e-01
-5.675000000000000044e-01
-7.924999999999999822e-01
-6.624999999999999778e-01
-7.325000000000000400e-01
-7.774999999999999689e-01
-5.749999999999999556e-01
-7.600000000000000089e-01
-8.050000000000000488e-01
-7.824999999999999734e-01
-7.700000000000000178e-01
-7.924999999999999822e-01
-8.125000000000000000e-01
-8.074999999999999956e-01
-7.674999999999999600e-01
-7.700000000000000178e-01
-7.924999999999999822e-01
-7.524999999999999467e-01
-8.074999999999999956e-01
-7.750000000000000222e-01
-6.925000000000000044e-01
-7.774999999999999689e-01
-8.000000000000000444e-01
-8.125000000000000000e-01
-6.899999999999999467e-01
-7.974999999999999867e-01
-7.974999999999999867e-01
-6.524999999999999689e-01
-7.924999999999999822e-01
-7.724999999999999645e-01
-6.175000000000000488e-01
-7.874999999999999778e-01
-7.924999999999999822e-01
-6.674999999999999822e-01
-7.650000000000000133e-01
-7.924999999999999822e-01
-7.924999999999999822e-01
-8.100000000000000533e-01
-7.724999999999999645e-01
-7.600000000000000089e-01
-7.900000000000000355e-01
-7.674999999999999600e-01
-7.924999999999999822e-01
-8.000000000000000444e-01
-7.924999999999999822e-01
-8.074999999999999956e-01
-4.000000000000000222e-01
-7.974999999999999867e-01
-8.100000000000000533e-01
-7.874999999999999778e-01
-8.100000000000000533e-01
-8.100000000000000533e-01
-8.125000000000000000e-01
-7.900000000000000355e-01
-7.774999999999999689e-01
-8.100000000000000533e-01
-8.100000000000000533e-01
-7.724999999999999645e-01
-7.974999999999999867e-01
-8.050000000000000488e-01
-7.974999999999999867e-01
-7.924999999999999822e-01
-7.900000000000000355e-01
-8.050000000000000488e-01
-8.000000000000000444e-01
-7.924999999999999822e-01
-8.074999999999999956e-01
-7.974999999999999867e-01
-8.074999999999999956e-01
-7.900000000000000355e-01
-8.050000000000000488e-01
-8.125000000000000000e-01
-7.924999999999999822e-01
-8.125000000000000000e-01
-7.974999999999999867e-01
-7.900000000000000355e-01
-7.974999999999999867e-01
-8.050000000000000488e-01
-7.800000000000000266e-01
-8.074999999999999956e-01
-7.924999999999999822e-01
-8.100000000000000533e-01
-8.024999999999999911e-01
-8.100000000000000533e-01
-7.850000000000000311e-01
-8.100000000000000533e-01
-8.050000000000000488e-01
-7.924999999999999822e-01
-7.974999999999999867e-01
-7.974999999999999867e-01
-7.249999999999999778e-01
-8.074999999999999956e-01
-8.074999999999999956e-01
-8.100000000000000533e-01
-7.874999999999999778e-01
-8.074999999999999956e-01
-8.074999999999999956e-01
-8.100000000000000533e-01
-8.050000000000000488e-01
-8.125000000000000000e-01
-8.050000000000000488e-01
-7.974999999999999867e-01
-7.900000000000000355e-01
-8.074999999999999956e-01
-7.550000000000000044e-01
-7.974999999999999867e-01
-7.724999999999999645e-01
-8.024999999999999911e-01
-8.125000000000000000e-01
-8.074999999999999956e-01
-8.024999999999999911e-01
-7.924999999999999822e-01
-7.900000000000000355e-01
-7.974999999999999867e-01
-8.074999999999999956e-01
-8.125000000000000000e-01
-7.974999999999999867e-01
-8.100000000000000533e-01
-7.924999999999999822e-01
-7.900000000000000355e-01
-8.050000000000000488e-01
-8.024999999999999911e-01
-8.100000000000000533e-01
-8.074999999999999956e-01
-8.074999999999999956e-01
-8.050000000000000488e-01
-8.125000000000000000e-01
-8.125000000000000000e-01
-8.050000000000000488e-01
-8.074999999999999956e-01
-8.074999999999999956e-01
-8.125000000000000000e-01
-8.100000000000000533e-01
-8.050000000000000488e-01
-8.074999999999999956e-01
-8.074999999999999956e-01
-8.074999999999999956e-01
-8.074999999999999956e-01
-8.000000000000000444e-01
-8.100000000000000533e-01
-8.074999999999999956e-01
-8.125000000000000000e-01
-8.125000000000000000e-01
-8.074999999999999956e-01
-8.100000000000000533e-01
-7.974999999999999867e-01
-8.125000000000000000e-01
-8.100000000000000533e-01
-8.125000000000000000e-01
-8.074999999999999956e-01
-8.074999999999999956e-01
-8.125000000000000000e-01
-8.050000000000000488e-01
-8.050000000000000488e-01
-8.100000000000000533e-01
-8.100000000000000533e-01
-8.125000000000000000e-01
-8.125000000000000000e-01
-8.074999999999999956e-01
-8.050000000000000488e-01
-8.050000000000000488e-01
-8.100000000000000533e-01
-8.074999999999999956e-01
-8.074999999999999956e-01
-8.100000000000000533e-01
-8.074999999999999956e-01
-8.125000000000000000e-01
-8.074999999999999956e-01
-8.074999999999999956e-01
-8.074999999999999956e-01
-8.125000000000000000e-01
-8.074999999999999956e-01
-8.125000000000000000e-01
-8.125000000000000000e-01
-8.125000000000000000e-01
-8.125000000000000000e-01
-8.125000000000000000e-01
-8.125000000000000000e-01
-8.100000000000000533e-01
-8.050000000000000488e-01
-8.125000000000000000e-01
-8.125000000000000000e-01
-8.100000000000000533e-01
-8.100000000000000533e-01
-8.074999999999999956e-01
-8.125000000000000000e-01
-8.100000000000000533e-01
-8.125000000000000000e-01
-8.125000000000000000e-01
-8.125000000000000000e-01
-8.125000000000000000e-01
-8.100000000000000533e-01
-8.100000000000000533e-01
-8.125000000000000000e-01
-8.125000000000000000e-01
-8.100000000000000533e-01
-8.125000000000000000e-01
-8.100000000000000533e-01
-8.125000000000000000e-01
-8.125000000000000000e-01
-8.125000000000000000e-01
-8.125000000000000000e-01
-8.125000000000000000e-01
-8.125000000000000000e-01
-7.974999999999999867e-01
-8.125000000000000000e-01
-8.125000000000000000e-01
-8.125000000000000000e-01
-8.125000000000000000e-01
-8.125000000000000000e-01
-8.125000000000000000e-01
-8.125000000000000000e-01
-8.125000000000000000e-01
-8.125000000000000000e-01
-8.125000000000000000e-01
-8.125000000000000000e-01
-8.125000000000000000e-01
-8.125000000000000000e-01
-8.125000000000000000e-01
-8.125000000000000000e-01
-8.125000000000000000e-01
-8.125000000000000000e-01
-8.125000000000000000e-01
-8.125000000000000000e-01
-8.125000000000000000e-01
-8.125000000000000000e-01
-8.125000000000000000e-01
-8.125000000000000000e-01
-8.125000000000000000e-01
-7.924999999999999822e-01
-8.125000000000000000e-01
-8.100000000000000533e-01
-8.125000000000000000e-01
-8.125000000000000000e-01
-8.074999999999999956e-01
-8.074999999999999956e-01
-8.125000000000000000e-01
-8.125000000000000000e-01
-8.125000000000000000e-01
-8.125000000000000000e-01
-8.074999999999999956e-01
-8.125000000000000000e-01
-8.125000000000000000e-01
-8.125000000000000000e-01
-8.125000000000000000e-01
-8.125000000000000000e-01
-8.125000000000000000e-01
-7.349999999999999867e-01
-8.125000000000000000e-01
-8.125000000000000000e-01
-8.125000000000000000e-01
-8.125000000000000000e-01
-8.125000000000000000e-01
-8.125000000000000000e-01
-8.125000000000000000e-01
-8.125000000000000000e-01
-8.125000000000000000e-01
-8.125000000000000000e-01
-8.125000000000000000e-01
-8.125000000000000000e-01
-8.125000000000000000e-01
-8.125000000000000000e-01
-8.125000000000000000e-01
-8.125000000000000000e-01
-8.125000000000000000e-01
-8.125000000000000000e-01
-8.125000000000000000e-01
-8.125000000000000000e-01
-8.125000000000000000e-01
-8.125000000000000000e-01
-8.125000000000000000e-01
-8.125000000000000000e-01
-8.125000000000000000e-01
-8.125000000000000000e-01
-8.125000000000000000e-01
-8.125000000000000000e-01
-8.125000000000000000e-01
-8.125000000000000000e-01
-8.125000000000000000e-01
-8.125000000000000000e-01
-8.125000000000000000e-01
-7.349999999999999867e-01
-5.975000000000000311e-01
-8.125000000000000000e-01
-8.125000000000000000e-01
-8.125000000000000000e-01
-8.125000000000000000e-01
-8.125000000000000000e-01
-8.125000000000000000e-01
-8.125000000000000000e-01
-8.125000000000000000e-01
-8.125000000000000000e-01
-8.125000000000000000e-01
-8.125000000000000000e-01
-8.125000000000000000e-01
-8.125000000000000000e-01
-8.125000000000000000e-01
-8.125000000000000000e-01
-8.125000000000000000e-01
-8.125000000000000000e-01
-8.125000000000000000e-01
-8.125000000000000000e-01
-8.125000000000000000e-01
-8.125000000000000000e-01
-8.125000000000000000e-01
-8.125000000000000000e-01
-8.125000000000000000e-01
