1.634627251868624676e+00 1.679099810126266412e+00
-2.802658586119357587e+00 3.753019315346586282e+00
-3.718095571987625192e-01 1.918448834540294357e+00
-1.966375867751044559e+00 4.863557176688251715e+00
5.219554374691179888e-01 -2.492244521033442073e+00
1.397102833440625247e+00 -2.011643617136701145e+00
2.668372405907830647e+00 -4.427021323364023431e+00
1.463785154631700891e+00 1.721076451066693380e+00
2.732748655202634325e+00 1.371944099913493531e+00
2.484096156536041988e+00 -3.072729612116258391e+00
-1.778699446869242973e+00 3.002831653143482882e+00
-4.168821246491642540e+00 -5.099607093767746235e-01
-3.843614923839679953e+00 4.480706433161094182e+00
1.615350612966293120e+00 -1.503869831657556944e+00
-2.256771171834611955e+00 -4.130425436955728280e+00
1.501987256149702077e+00 3.616979411606296324e+00
3.907938350863609855e+00 -2.172978609795552796e+00
1.955310006823559377e+00 4.951616520267137389e+00
-4.505155721541899361e+00 -1.126649532516044161e-01
-4.378266871831471896e+00 4.181649495761771362e+00
-3.966054382894217412e-01 -5.407248814836540518e-01
4.359687114600353297e+00 1.981107891747768690e-02
4.060499402817917769e+00 -4.284993585603912081e+00
2.982266786517043577e+00 1.066345833874379423e+00
3.845709425953241833e+00 1.623750424180849805e-01
4.057011830496259464e+00 -1.842871578194960058e+00
2.164962324378221226e+00 -1.318237141900929998e+00
-2.588390638739734850e+00 -3.809585788236711235e+00
-2.300104614191838870e+00 -2.740459798544244485e+00
-2.019412465540590951e+00 -3.652331973383046382e+00
-2.467834300013930005e+00 2.701264370414495630e-01
4.564905996971589275e+00 2.036020287741688861e+00
-3.023981538639143096e+00 4.554552383927761738e+00
1.085582095940345049e+00 2.154422247856143002e+00
1.197547687215773315e+00 -2.614825963242926044e+00
-4.030144866433309048e+00 1.998164706022728332e+00
-1.396757483703448877e+00 -7.580435228558011218e-01
2.424045577758874970e+00 -1.451568521962831593e+00
-2.192021534550796513e+00 -4.838643714920570105e+00
6.437391356722352853e-01 4.142192196734526988e+00
1.872338912439269976e+00 1.000166152228954886e+00
-3.403886425888991152e+00 3.587890442617682751e-01
-3.917800121003930158e+00 2.441760094057229047e+00
1.622101141671921987e+00 4.308335764832278869e+00
-3.128531984765943186e+00 3.194863052440354068e+00
2.359816879808485091e+00 -1.711585340820123147e+00
-3.611374648956808819e+00 2.350202038896966883e-01
-2.739555259338637416e+00 -1.135240878724109947e+00
-2.328013330050296759e+00 -2.553702104620257707e+00
-3.501610030080107627e+00 -2.707929410133792736e+00
4.575347084880396764e-01 3.954706583955930554e+00
4.879264486507082665e+00 -3.926339247289831746e+00
-3.870732543171789608e+00 -3.578409190797210648e+00
3.810138907991206025e+00 1.148299033656401846e+00
-2.118852952998351302e+00 2.827760781062794493e+00
-5.156642459183213845e-01 2.842407204360283046e+00
-2.988224688444607313e+00 -3.882339934767222722e+00
-4.802214019553826319e+00 4.447445573090897497e+00
2.408030688642495143e+00 9.258322147251973888e-01
1.693555092598593603e+00 -1.023283614928980345e+00
3.841654837763233132e-01 -1.472671753845865794e+00
2.087123799931092094e-01 -1.606316499711473167e+00
8.090420164435805361e-01 -2.448251136602603850e+00
9.801545142280421175e-01 1.363019450258708964e+00
2.961713176818411064e+00 -3.902865892346973897e+00
-1.653931125775722766e+00 -9.299196141164864926e-01
-3.979604921756919822e+00 -2.244725708449349710e+00
-5.564934139550210546e-01 -7.791821225583275279e-01
3.513992210539342409e+00 -1.892827441784794562e+00
4.840239745617262557e+00 -1.371478460629440566e+00
4.166340673504983272e+00 4.241139548407764082e+00
1.987124783539369943e+00 3.935402062242790322e+00
-3.734193343213216831e+00 2.598263896156922215e+00
3.286128197349308167e+00 -9.419860168245168808e-01
-2.901630053101965423e+00 8.721304534646154849e-01
3.679085628090900784e+00 4.066880520092706064e+00
-3.448494250387489579e+00 3.580382987960149421e+00
-2.993420042404706383e+00 -4.993585970622088865e+00
4.271358619212200836e+00 -2.546336283322361282e-01
2.443703969571714651e+00 1.062660266678658871e+00
-3.238090290738970811e+00 3.363375476399447450e+00
3.714373701948568751e+00 -4.981047583073271667e+00
-2.524207683152082105e+00 2.565386057935049813e+00
3.096440071466041388e+00 -3.239984822236605666e+00
-4.454226836387063848e+00 4.765874011436231683e+00
2.584470196511592377e-01 -2.736804854482561833e+00
-1.149745065897886942e+00 2.950230094203082132e+00
3.919397622104519030e+00 -3.178989310724267270e+00
4.211108663305465072e-01 2.957913979676116689e+00
1.862688669312059453e+00 1.187291072802388214e+00
-1.633986047152005128e+00 -1.756179051778508082e+00
-9.923021982600266355e-01 2.526941530017864146e+00
-4.167094430597765964e+00 3.901506667093805447e+00
1.906492473923366404e+00 2.588375041677456245e+00
4.333216126426778558e+00 -2.542576691359952346e+00
1.822745699949671838e+00 2.371443721438799557e+00
3.582984698618172814e+00 2.054808104499538324e+00
-1.453787832035631222e+00 -3.201987388126728007e-01
-7.196342604709133894e-01 -3.101236798850843801e+00
4.777878567241010899e+00 -1.485968492286357190e+00
