-7.750000000000000222e-01
-7.600000000000000089e-01
-7.475000000000000533e-01
-7.449999999999999956e-01
-7.524999999999999467e-01
-7.724999999999999645e-01
-7.800000000000000266e-01
-7.724999999999999645e-01
-7.850000000000000311e-01
-7.800000000000000266e-01
-7.449999999999999956e-01
-7.325000000000000400e-01
-7.524999999999999467e-01
-7.724999999999999645e-01
-7.349999999999999867e-01
-7.724999999999999645e-01
-7.700000000000000178e-01
-7.800000000000000266e-01
-7.299999999999999822e-01
-7.524999999999999467e-01
-7.574999999999999512e-01
-7.475000000000000533e-01
-7.524999999999999467e-01
-7.650000000000000133e-01
-7.824999999999999734e-01
-7.700000000000000178e-01
-7.650000000000000133e-01
-7.824999999999999734e-01
-7.349999999999999867e-01
-7.550000000000000044e-01
-7.600000000000000089e-01
-7.624999999999999556e-01
-7.275000000000000355e-01
-7.574999999999999512e-01
-7.624999999999999556e-01
-7.650000000000000133e-01
-7.550000000000000044e-01
-7.574999999999999512e-01
-7.800000000000000266e-01
-6.975000000000000089e-01
-7.550000000000000044e-01
-7.774999999999999689e-01
-7.524999999999999467e-01
-7.574999999999999512e-01
-7.724999999999999645e-01
-7.600000000000000089e-01
-7.800000000000000266e-01
-7.600000000000000089e-01
-7.600000000000000089e-01
-7.574999999999999512e-01
-7.299999999999999822e-01
-7.524999999999999467e-01
-6.574999999999999734e-01
-7.199999999999999734e-01
-7.700000000000000178e-01
-7.574999999999999512e-01
-7.500000000000000000e-01
-7.225000000000000311e-01
-7.349999999999999867e-01
-7.800000000000000266e-01
-7.774999999999999689e-01
-7.500000000000000000e-01
-7.500000000000000000e-01
-7.624999999999999556e-01
-7.650000000000000133e-01
-7.824999999999999734e-01
-7.524999999999999467e-01
-7.225000000000000311e-01
-7.500000000000000000e-01
-7.850000000000000311e-01
-6.774999999999999911e-01
-7.550000000000000044e-01
-7.800000000000000266e-01
-7.475000000000000533e-01
-7.824999999999999734e-01
-7.600000000000000089e-01
-7.774999999999999689e-01
-7.600000000000000089e-01
-8.749999999999999445e-02
-7.574999999999999512e-01
-7.800000000000000266e-01
-7.724999999999999645e-01
-7.475000000000000533e-01
-7.874999999999999778e-01
-7.524999999999999467e-01
-7.500000000000000000e-01
-7.500000000000000000e-01
-7.700000000000000178e-01
-7.500000000000000000e-01
-7.774999999999999689e-01
-7.524999999999999467e-01
-7.500000000000000000e-01
-7.600000000000000089e-01
-7.774999999999999689e-01
-7.574999999999999512e-01
-7.750000000000000222e-01
-7.774999999999999689e-01
-7.574999999999999512e-01
-7.574999999999999512e-01
-6.800000000000000488e-01
