3.252574989159953134e+00 -2.000000000000000000e+00
5.000000000000000000e+00 -1.738351958704374534e+00
3.252574989159953134e+00 5.000000000000000000e-01
7.525749891599531338e-01 -2.000000000000000000e+00
3.252574989159953134e+00 -4.500000000000000000e+00
2.058943479334827575e+00 -2.205766879283233450e+00
-2.627944947555179489e+00 3.517211209120960191e+00
9.008632742788750258e-01 9.985097218206138159e-01
1.079515254807301927e+00 5.000000000000000000e+00
4.714787867905292806e+00 4.317545419807880869e+00
1.478735768645792703e+00 2.544883413440507169e+00
2.288747680616058933e+00 5.000000000000000000e+00
1.979093413090003306e+00 4.024788910794803165e-01
3.958927361828189717e+00 2.627376082619954811e+00
2.576895600537472575e+00 1.008209982838738084e+00
3.040343273724067430e+00 4.025931596254161526e+00
2.478865540755191166e+00 2.213873554679368638e+00
1.929000191316328383e+00 1.380818498817525164e+00
2.105363347552324793e+00 4.024916238003192426e+00
2.231966682093466936e+00 2.936355472085863560e+00
1.566372006978512532e+00 3.787735127342618746e+00
2.002642499109740903e+00 1.881349808449148675e+00
2.247984431430617214e+00 2.029021595067492356e+00
1.438901876230050059e+00 3.438972776170187373e+00
2.156318919614763185e+00 2.538810029273357305e+00
1.984123144876404732e+00 2.677725063257393678e+00
2.339080377452770421e+00 2.639376692201664376e+00
1.812605243718604653e+00 2.788161143091004490e+00
1.703274508359417849e+00 3.268255115925401189e+00
2.236202748400343943e+00 2.657990739258857538e+00
1.793355793918835372e+00 3.186528554798845114e+00
1.649251051754482944e+00 3.107785591703172479e+00
1.824793696295125889e+00 2.465337058530973291e+00
1.910162528045316943e+00 2.514268145530846876e+00
1.947245549108025386e+00 3.012538446603383768e+00
1.899834675340771994e+00 2.738032861513828298e+00
3.252574989159953134e+00 -2.000000000000000000e+00
5.000000000000000000e+00 -1.738351958704374534e+00
3.252574989159953134e+00 5.000000000000000000e-01
7.525749891599531338e-01 -2.000000000000000000e+00
3.252574989159953134e+00 -4.500000000000000000e+00
2.058943479334827575e+00 -2.205766879283233450e+00
-2.627944947555179489e+00 3.517211209120960191e+00
9.008632742788750258e-01 9.985097218206138159e-01
1.079515254807301927e+00 5.000000000000000000e+00
4.714787867905292806e+00 4.317545419807880869e+00
1.478735768645792703e+00 2.544883413440507169e+00
2.288747680616058933e+00 5.000000000000000000e+00
1.979093413090003306e+00 4.024788910794803165e-01
3.958927361828189717e+00 2.627376082619954811e+00
2.576895600537472575e+00 1.008209982838738084e+00
3.040343273724067430e+00 4.025931596254161526e+00
2.478865540755191166e+00 2.213873554679368638e+00
1.929000191316328383e+00 1.380818498817525164e+00
2.105363347552324793e+00 4.024916238003192426e+00
2.231966682093466936e+00 2.936355472085863560e+00
1.566372006978512532e+00 3.787735127342618746e+00
2.002642499109740903e+00 1.881349808449148675e+00
2.247984431430617214e+00 2.029021595067492356e+00
1.438901876230050059e+00 3.438972776170187373e+00
2.156318919614763185e+00 2.538810029273357305e+00
1.984123144876404732e+00 2.677725063257393678e+00
2.339080377452770421e+00 2.639376692201664376e+00
1.812605243718604653e+00 2.788161143091004490e+00
1.703274508359417849e+00 3.268255115925401189e+00
2.236202748400343943e+00 2.657990739258857538e+00
1.793355793918835372e+00 3.186528554798845114e+00
1.649251051754482944e+00 3.107785591703172479e+00
1.824793696295125889e+00 2.465337058530973291e+00
1.910162528045316943e+00 2.514268145530846876e+00
1.947245549108025386e+00 3.012538446603383768e+00
1.899834675340771994e+00 2.738032861513828298e+00
