-3.866666666666666585e-01
-4.799999999999999822e-01
-3.733333333333333504e-01
-4.066666666666666763e-01
-4.733333333333333282e-01
-4.000000000000000222e-01
-4.866666666666666918e-01
-4.400000000000000022e-01
-4.333333333333333481e-01
-3.866666666666666585e-01
-4.266666666666666941e-01
-4.400000000000000022e-01
-4.000000000000000222e-01
-4.133333333333333304e-01
-2.533333333333333548e-01
-4.666666666666666741e-01
-2.866666666666666807e-01
-4.799999999999999822e-01
-3.599999999999999867e-01
-4.133333333333333304e-01
-3.866666666666666585e-01
-2.333333333333333370e-01
-4.000000000000000222e-01
-3.333333333333333148e-01
-2.333333333333333370e-01
-3.133333333333333526e-01
-2.800000000000000266e-01
-4.799999999999999822e-01
-3.666666666666666408e-01
-3.866666666666666585e-01
-4.266666666666666941e-01
-4.000000000000000222e-01
-4.000000000000000222e-01
-3.800000000000000044e-01
-2.800000000000000266e-01
-4.933333333333333459e-01
-2.466666666666666730e-01
-4.133333333333333304e-01
-2.666666666666666630e-01
-4.133333333333333304e-01
-4.199999999999999845e-01
-3.466666666666666785e-01
-2.933333333333333348e-01
-3.133333333333333526e-01
-4.266666666666666941e-01
-3.066666666666666430e-01
-4.466666666666666563e-01
-4.600000000000000200e-01
-4.199999999999999845e-01
-4.000000000000000222e-01
-4.199999999999999845e-01
-3.666666666666666408e-01
-4.199999999999999845e-01
-4.133333333333333304e-01
-4.199999999999999845e-01
-4.199999999999999845e-01
-4.133333333333333304e-01
-4.533333333333333104e-01
-4.266666666666666941e-01
-3.933333333333333126e-01
-3.333333333333333148e-01
-4.400000000000000022e-01
-4.400000000000000022e-01
-2.333333333333333370e-01
-4.466666666666666563e-01
-4.466666666666666563e-01
-4.866666666666666918e-01
-4.133333333333333304e-01
-4.400000000000000022e-01
-4.733333333333333282e-01
-4.866666666666666918e-01
-4.199999999999999845e-01
-4.799999999999999822e-01
-2.866666666666666807e-01
-4.000000000000000222e-01
-4.666666666666666741e-01
-4.000000000000000222e-01
-4.133333333333333304e-01
-4.799999999999999822e-01
-4.333333333333333481e-01
-4.333333333333333481e-01
-4.133333333333333304e-01
-4.666666666666666741e-01
-4.666666666666666741e-01
-4.133333333333333304e-01
-4.400000000000000022e-01
-4.533333333333333104e-01
-4.199999999999999845e-01
-4.666666666666666741e-01
-4.666666666666666741e-01
-4.666666666666666741e-01
-4.466666666666666563e-01
-4.666666666666666741e-01
-4.733333333333333282e-01
-4.466666666666666563e-01
-4.866666666666666918e-01
-4.733333333333333282e-01
-4.333333333333333481e-01
-4.733333333333333282e-01
-4.866666666666666918e-01
-4.933333333333333459e-01
-4.666666666666666741e-01
-4.866666666666666918e-01
-4.666666666666666741e-01
-4.666666666666666741e-01
-4.866666666666666918e-01
-4.866666666666666918e-01
-4.799999999999999822e-01
-4.266666666666666941e-01
-4.666666666666666741e-01
-4.733333333333333282e-01
-4.799999999999999822e-01
-4.933333333333333459e-01
-4.799999999999999822e-01
-4.933333333333333459e-01
-4.799999999999999822e-01
-4.866666666666666918e-01
-4.799999999999999822e-01
-4.799999999999999822e-01
-4.733333333333333282e-01
-4.799999999999999822e-01
-4.866666666666666918e-01
-4.933333333333333459e-01
-4.866666666666666918e-01
-4.933333333333333459e-01
-4.866666666666666918e-01
-4.799999999999999822e-01
-4.799999999999999822e-01
-4.866666666666666918e-01
-4.866666666666666918e-01
-4.866666666666666918e-01
-4.933333333333333459e-01
-4.866666666666666918e-01
-4.933333333333333459e-01
-4.933333333333333459e-01
-4.933333333333333459e-01
-4.866666666666666918e-01
-4.866666666666666918e-01
-4.799999999999999822e-01
-4.933333333333333459e-01
-4.933333333333333459e-01
-4.866666666666666918e-01
-4.866666666666666918e-01
-4.933333333333333459e-01
-4.933333333333333459e-01
-4.933333333333333459e-01
-4.933333333333333459e-01
-4.866666666666666918e-01
-4.933333333333333459e-01
-4.933333333333333459e-01
-4.866666666666666918e-01
-4.866666666666666918e-01
-4.933333333333333459e-01
-4.933333333333333459e-01
-4.933333333333333459e-01
-4.866666666666666918e-01
-4.933333333333333459e-01
-4.933333333333333459e-01
-4.866666666666666918e-01
-4.933333333333333459e-01
-4.933333333333333459e-01
-4.933333333333333459e-01
-4.933333333333333459e-01
-4.933333333333333459e-01
-4.933333333333333459e-01
-4.933333333333333459e-01
-4.866666666666666918e-01
-4.933333333333333459e-01
-4.933333333333333459e-01
-4.933333333333333459e-01
-4.933333333333333459e-01
-4.933333333333333459e-01
-4.933333333333333459e-01
-4.933333333333333459e-01
-4.933333333333333459e-01
-4.866666666666666918e-01
-4.933333333333333459e-01
-4.933333333333333459e-01
-4.933333333333333459e-01
-4.933333333333333459e-01
-4.933333333333333459e-01
-4.933333333333333459e-01
-4.933333333333333459e-01
-4.933333333333333459e-01
-4.933333333333333459e-01
-4.933333333333333459e-01
-4.933333333333333459e-01
-4.933333333333333459e-01
-4.933333333333333459e-01
-4.933333333333333459e-01
-4.933333333333333459e-01
-4.933333333333333459e-01
-4.933333333333333459e-01
-4.933333333333333459e-01
-4.933333333333333459e-01
-4.933333333333333459e-01
-4.933333333333333459e-01
-4.933333333333333459e-01
-4.933333333333333459e-01
-4.933333333333333459e-01
-4.933333333333333459e-01
-4.933333333333333459e-01
-4.933333333333333459e-01
-4.933333333333333459e-01
-4.933333333333333459e-01
-4.933333333333333459e-01
-4.933333333333333459e-01
-4.933333333333333459e-01
-4.933333333333333459e-01
-4.933333333333333459e-01
-4.933333333333333459e-01
-4.933333333333333459e-01
-4.933333333333333459e-01
-4.933333333333333459e-01
-4.933333333333333459e-01
-4.933333333333333459e-01
-4.933333333333333459e-01
-4.933333333333333459e-01
-4.933333333333333459e-01
-4.933333333333333459e-01
-4.933333333333333459e-01
-4.933333333333333459e-01
-4.933333333333333459e-01
-4.933333333333333459e-01
-4.933333333333333459e-01
-4.933333333333333459e-01
-4.933333333333333459e-01
-4.933333333333333459e-01
-4.933333333333333459e-01
