3.333333333333333481e+00 -4.599999999999999645e+00
5.000000000000000000e+00 -3.942857142857142616e+00
3.333333333333333481e+00 -2.099999999999999645e+00
8.333333333333334814e-01 -4.599999999999999645e+00
2.347417840375586984e+00 -5.000000000000000000e+00
9.474323046583990049e-01 -1.014257635902009902e+00
6.952117660547632028e-01 -2.631827676793675685e+00
3.147737163794721127e+00 -3.357067509419602303e+00
5.000000000000000000e+00 -4.545411040846030204e+00
4.437541399664774566e+00 -3.935826627539636746e+00
5.000000000000000000e+00 -3.389567809791549369e+00
5.000000000000000000e+00 -3.851551194623768382e+00
5.000000000000000000e+00 -3.342082087954719061e+00
