-7.475000000000000533e-01
-5.699999999999999512e-01
-7.475000000000000533e-01
-7.325000000000000400e-01
-7.475000000000000533e-01
-7.399999999999999911e-01
-6.250000000000000000e-02
-7.299999999999999822e-01
-7.349999999999999867e-01
-7.299999999999999822e-01
-7.425000000000000488e-01
-7.399999999999999911e-01
-7.425000000000000488e-01
-7.399999999999999911e-01
-7.475000000000000533e-01
-7.500000000000000000e-01
-6.250000000000000000e-02
-7.375000000000000444e-01
-7.475000000000000533e-01
-7.275000000000000355e-01
-7.399999999999999911e-01
-7.475000000000000533e-01
-7.500000000000000000e-01
-7.500000000000000000e-01
-7.449999999999999956e-01
-7.449999999999999956e-01
-7.524999999999999467e-01
-7.425000000000000488e-01
-7.524999999999999467e-01
-7.524999999999999467e-01
-7.425000000000000488e-01
-7.475000000000000533e-01
-7.475000000000000533e-01
-7.500000000000000000e-01
-7.500000000000000000e-01
-7.524999999999999467e-01
-7.524999999999999467e-01
-7.500000000000000000e-01
-7.449999999999999956e-01
-7.500000000000000000e-01
-7.524999999999999467e-01
-7.524999999999999467e-01
