-6.444444444444444864e-01
-5.138888888888888395e-01
-6.444444444444444864e-01
-5.555555555555555802e-01
-1.055555555555555552e-01
-5.250000000000000222e-01
-6.416666666666667185e-01
-5.138888888888888395e-01
-5.138888888888888395e-01
-5.361111111111110938e-01
-5.888888888888889062e-01
-6.333333333333333037e-01
-6.361111111111110716e-01
-6.638888888888888618e-01
-5.138888888888888395e-01
-6.611111111111110938e-01
-6.638888888888888618e-01
-6.638888888888888618e-01
-6.444444444444444864e-01
-6.638888888888888618e-01
-6.361111111111110716e-01
-6.666666666666666297e-01
-1.055555555555555552e-01
-6.527777777777777901e-01
-6.583333333333333259e-01
-6.666666666666666297e-01
-1.055555555555555552e-01
-6.583333333333333259e-01
-6.611111111111110938e-01
-6.500000000000000222e-01
-6.472222222222222543e-01
-6.611111111111110938e-01
-6.638888888888888618e-01
-6.583333333333333259e-01
-6.611111111111110938e-01
-6.583333333333333259e-01
-6.638888888888888618e-01
-6.666666666666666297e-01
-6.666666666666666297e-01
-6.666666666666666297e-01
-6.694444444444443976e-01
-6.583333333333333259e-01
-6.583333333333333259e-01
-6.583333333333333259e-01
-6.583333333333333259e-01
-6.583333333333333259e-01
-6.583333333333333259e-01
-6.611111111111110938e-01
-6.666666666666666297e-01
-6.666666666666666297e-01
-6.694444444444443976e-01
-6.611111111111110938e-01
-6.666666666666666297e-01
-6.638888888888888618e-01
-6.694444444444443976e-01
-6.694444444444443976e-01
-6.666666666666666297e-01
-6.694444444444443976e-01
-6.694444444444443976e-01
-6.694444444444443976e-01
-6.666666666666666297e-01
-6.694444444444443976e-01
-6.694444444444443976e-01
-6.694444444444443976e-01
-6.583333333333333259e-01
