3.252574989159953134e+00 -2.000000000000000000e+00
5.000000000000000000e+00 -1.738351958704374534e+00
3.252574989159953134e+00 5.000000000000000000e-01
7.525749891599531338e-01 -2.000000000000000000e+00
3.252574989159953134e+00 -4.500000000000000000e+00
1.851449603982441294e+00 2.799671650382415500e+00
1.372671761900539078e+00 -5.000000000000000000e+00
5.159828639163075437e-01 9.855591670663588211e-01
7.814946653284953193e-01 6.795124618430383734e-01
1.020524666347844001e+00 4.040864390518033034e-01
1.975129416169522534e+00 -4.661783952642883477e+00
1.834882089009553630e+00 2.474174629757039945e-01
1.882359348136072086e+00 -3.960027349511675787e+00
1.940783212260698276e+00 -2.936141098247739833e-01
2.159082314586622253e+00 -1.898018003754099681e+00
2.784452984814772769e+00 -3.679368379336579231e+00
2.132242512384601163e+00 -5.000000000000000000e+00
1.351462585009685524e+00 -3.040255111186491721e+00
2.381555180156536000e+00 -2.852971444162573533e+00
3.864023191816716718e+00 -3.008698087475638161e+00
1.918136443562862947e+00 -3.433104315795946881e+00
3.254172863886087175e+00 -2.763321332463096525e+00
2.828645653577667840e+00 -2.753912835801042736e+00
2.788750864169103671e+00 -4.513216388174094540e+00
2.485998876214375652e+00 -4.367943091092846508e+00
3.392566372109595108e+00 -3.973304084852062878e+00
2.986111227440802374e+00 -4.252828078632499675e+00
3.344224043949845182e+00 -4.841300962796124097e+00
2.928906525660429860e+00 -4.126513841937444305e+00
2.948818800306352461e+00 -4.196260821446993639e+00
3.312424833022412862e+00 -4.931838580633192137e+00
3.279272373875661728e+00 -4.864187682583456684e+00
3.249440109511598340e+00 -4.803298934300066492e+00
3.222586733173402607e+00 -4.748500495414967659e+00
3.198418535738380530e+00 -4.699181271290045814e+00
2.971441937874478523e+00 -3.781158831999862802e+00
2.964331681372359473e+00 -3.998963752109619740e+00
3.032894932334321947e+00 -4.610102874045560739e+00
3.294676946177053534e+00 -4.153064696282567247e+00
3.015197775693509552e+00 -4.543238230301627212e+00
2.986198144427340662e+00 -4.131126324023805196e+00
2.940637501855169589e+00 -4.036526813563467542e+00
