2.999387943133686729e+00 1.000000000000000000e+00
5.000000000000000000e+00 9.091920867744559542e-01
2.999387943133686729e+00 3.500000000000000000e+00
4.993879431336867292e-01 1.000000000000000000e+00
2.999387943133686729e+00 -1.500000000000000000e+00
1.818068330509144959e+00 -3.858444599796366781e+00
1.432054652398121686e+00 5.000000000000000000e+00
1.616320893780411216e+00 -2.806524075451160449e+00
1.561121128303083472e+00 4.349240745207342052e+00
1.598890642307183585e+00 -1.966527862734089638e+00
1.610235783250537178e+00 3.605228834323769505e+00
1.639506086303017973e+00 -1.282862183200681017e+00
1.669160233642909885e+00 2.987383293339051171e+00
1.706576377381555432e+00 -7.208104856686352591e-01
2.082031261132121891e+00 1.473514567096186445e+00
2.697717030428130158e+00 -7.170937728103961017e-01
2.209633036734765632e+00 -2.390769481944536423e+00
2.502651427933312078e+00 8.397866548178993806e-01
3.950366556617269431e+00 -1.369037207058957151e+00
2.696474408522261612e+00 -1.988026073409841388e+00
2.809993752440783421e+00 -1.174535538208013374e+00
3.354302306231328412e+00 7.579634093429765684e-02
3.645134369078833814e+00 1.063316299261696685e+00
3.121368941139896602e+00 -3.913588060914809097e-02
4.173936402694074843e+00 -7.756897960612046949e-02
3.543662557733886498e+00 -6.503941875824015284e-01
3.162599858890318139e+00 -5.718534583155401307e-01
3.426073529114170846e+00 4.863842213355252381e-02
3.359162244818734155e+00 6.228697003651598729e-01
3.309898396516031127e+00 -4.145828215200206834e-01
3.301431696379510949e+00 1.704609447476443662e-01
3.228407230197386291e+00 -3.026446265106698674e-01
3.294163857203896484e+00 -1.284039203197535062e-01
3.316767437217842396e+00 8.328890715117782950e-02
3.456622649728831931e+00 3.479458313702354921e-01
3.444834524390211872e+00 3.213102992420315829e-01
3.434239856847649541e+00 2.973212128173282620e-01
3.330744479863100072e+00 2.864388967124664176e-01
3.383347271756225183e+00 -1.127397260420896219e-01
3.311812155505313271e+00 2.421395059142767980e-01
3.338070366411085121e+00 6.698579521510997226e-02
3.344000527023989200e+00 1.811402865955648867e-01
3.331189545347890135e+00 1.310699966699288010e-01
3.414285294798044212e+00 1.711391997859991188e-01
3.407053481260161387e+00 1.623686890064123811e-01
3.335232027063166793e+00 9.900814628843240817e-02
3.412186735258499137e+00 1.340409373864456799e-01
3.406117747252932038e+00 1.284938037279899359e-01
3.393950526041069615e+00 2.239102938700559403e-02
