-7.466666666666667007e-01
-4.000000000000000222e-01
-7.466666666666667007e-01
-7.133333333333333748e-01
-7.466666666666667007e-01
-7.433333333333332904e-01
-7.399999999999999911e-01
-7.366666666666666918e-01
-7.366666666666666918e-01
-7.366666666666666918e-01
-7.366666666666666918e-01
-7.366666666666666918e-01
-7.333333333333332815e-01
-7.333333333333332815e-01
-7.466666666666667007e-01
-7.500000000000000000e-01
-7.500000000000000000e-01
-7.433333333333332904e-01
-7.333333333333332815e-01
-7.500000000000000000e-01
-7.500000000000000000e-01
-7.533333333333332993e-01
-7.466666666666667007e-01
-7.466666666666667007e-01
-6.999999999999999556e-01
-7.433333333333332904e-01
-7.500000000000000000e-01
-7.500000000000000000e-01
-7.533333333333332993e-01
-7.533333333333332993e-01
-7.533333333333332993e-01
-7.533333333333332993e-01
-7.533333333333332993e-01
-7.533333333333332993e-01
-7.500000000000000000e-01
-7.500000000000000000e-01
-7.500000000000000000e-01
-7.533333333333332993e-01
-7.533333333333332993e-01
-7.533333333333332993e-01
-7.533333333333332993e-01
-7.533333333333332993e-01
-7.533333333333332993e-01
-7.500000000000000000e-01
-7.500000000000000000e-01
-7.533333333333332993e-01
-7.500000000000000000e-01
-7.500000000000000000e-01
-7.533333333333332993e-01
