4.999460289726111561e+00 -2.810593237876869210e+00
7.781527293770085230e-01 -3.900347313512996905e+00
5.109912481794776085e-02 6.103196058068616203e-01
-4.138088677454939912e+00 -8.455814732560387181e-01
1.333494238738253346e+00 -1.635083718538920650e+00
1.747211623933685232e+00 1.199243737460324866e+00
2.988411036979551128e+00 3.484883328949734960e-01
4.182548189745599387e+00 3.608366771561450470e+00
2.933282578048323597e+00 -1.351686635067407494e+00
2.604399556896196621e+00 4.963099527880686423e+00
2.205202914457064622e+00 -2.902726190408988494e-01
3.361660709271368841e+00 -4.178730400934204781e+00
1.746258082075181406e+00 -2.107818613507726369e+00
-1.132790490015718632e+00 4.993611446624855787e+00
1.404120596347575356e+00 -3.117483693086082752e+00
4.757376564285580756e+00 4.844417057596152709e+00
4.927698414991355413e+00 2.860272028940578082e+00
4.483844078877256223e+00 4.740749085883049219e+00
2.853468218522247746e+00 -3.064755646469561778e+00
3.107515582963390255e+00 4.959630299703099432e+00
4.255649983783026613e+00 -1.738905822260820466e+00
1.311197318953874813e+00 -1.553007890116589351e+00
4.699074185936606973e+00 -2.801110452009542673e+00
1.260968057335506209e+00 2.159709485604069279e+00
4.950476371769089390e+00 -1.377268056273860841e+00
4.371765792728012912e+00 3.244699498648100811e+00
3.464215329523713915e+00 -8.474720645666837804e-01
2.868796916904708283e+00 3.312408097629770065e+00
4.156272956285391729e-01 -4.328159133157986282e+00
-7.061674905348187536e-01 -2.938256566175095230e+00
2.404550084173790125e+00 2.075811341412762356e+00
4.393323036465348608e+00 3.144070659289432523e+00
2.700643095325597542e+00 2.476508660721743471e+00
-4.509513525857737903e-01 -2.139447049054364669e+00
4.814870701765882721e+00 -4.017274762606080962e+00
4.034334102143148471e+00 8.814448820125821982e-01
3.542873448245682066e+00 -2.065658819865947571e-01
4.122266899835338450e+00 4.999929087439438646e+00
4.424351430652709638e+00 4.199894675517700904e+00
4.588814190311664376e+00 2.802002097963576688e+00
3.226317146608549180e+00 -2.194625201496287481e-01
4.728597504644691085e+00 2.449958722122767441e+00
4.999880085122200057e+00 1.996200783374027177e+00
3.220749522117728247e+00 -2.805844751419152239e+00
2.004426110406662076e+00 1.990025266586569419e+00
1.791331294258213802e+00 -2.939278945753276417e+00
1.133182559727233141e+00 -1.317420134365128170e+00
2.972911243367653000e+00 3.838356147545980868e+00
2.982835015999167894e-01 1.903755727575858536e+00
4.585327709227335902e-01 2.678599619589242753e+00
4.337984715853751894e+00 2.575032010956870288e+00
3.630588149408714660e+00 2.753592262082612541e-01
3.273502316249339295e+00 2.305904183872002022e+00
3.285778670044671834e+00 2.454341937733097723e+00
1.672297484231384246e+00 3.142298823430065280e+00
3.650322800628070130e+00 2.256418820721235008e+00
4.864248261418087083e+00 1.738041712428420205e+00
3.552968093781420311e+00 4.995581759550745460e+00
2.600328490570500861e+00 2.221399722401106391e+00
2.240652204861715902e+00 -2.165898238730900704e+00
1.948418199547841567e+00 3.055879769944492175e+00
2.751345178677928160e+00 6.875834135792886492e-01
3.519860507727541776e+00 2.519332394656787599e+00
8.496267265543036018e-01 4.978550429594654325e+00
3.005650260862185341e+00 2.515148264676102308e+00
2.665541573244210483e+00 3.117689091235743337e+00
1.216056030953055256e+00 1.778422790470313153e+00
3.087005785104603994e+00 4.543316482310736149e+00
2.278100810904888363e+00 2.972746331086744132e+00
8.956721586008384861e-01 1.550228062773458371e+00
2.068744739911272390e+00 -2.366193588834866190e-01
3.077698258914788987e+00 3.087532522577693950e+00
2.983442853610636547e+00 2.981605617477475434e+00
2.038713216756532276e+00 -8.390208021171767783e-01
2.711978110201677339e+00 -1.244817420156207888e-01
2.265883599037056939e+00 -3.363177228933792229e+00
2.327244881765919260e+00 7.661513378349623649e-01
1.454280428097757039e+00 7.179324187284519265e-02
2.081198358540826021e+00 2.376972833511332706e+00
1.910155987623417317e+00 4.997642452547895964e+00
3.005285483919218237e+00 -8.799641311097214924e-01
2.567237094187296620e+00 -2.919220712099676707e+00
2.337559600767011858e+00 -4.268585243093249715e-01
1.660056558732483367e+00 -5.015255073181487111e-01
2.849158651801240616e+00 4.198566890664935158e+00
2.608883000186112966e+00 3.079961949108618757e+00
1.905520624859766698e+00 4.956973043168509285e+00
1.455191693361719274e+00 3.610887165983414970e+00
1.901885801062331183e+00 7.809301680132374468e-01
2.519590994246065918e+00 2.453845865909269897e+00
3.009783893428370050e+00 3.288960510531072856e+00
2.170807288665999479e+00 4.969292308788514134e+00
2.623658785770157209e+00 3.113808155864613347e+00
2.253766126172033424e+00 4.051098250138574386e+00
3.681512758000984764e+00 2.940197607545196323e+00
2.069317094825985137e+00 1.699295842132574785e+00
2.529137501484159500e+00 2.368673306977194137e+00
2.638917208166066786e+00 1.795989491153724416e+00
2.684636679210242072e+00 2.552921414581962534e+00
2.165648449989125979e+00 3.361870129302537258e+00
2.418985860708350089e+00 4.264869760097912632e+00
2.669488038191505375e+00 3.118599311063912083e+00
2.638089022421044483e+00 -8.463837804561680223e-01
2.263841853185613928e+00 4.468034802364720726e+00
2.016058867039888014e+00 3.287710749086815376e+00
2.783058614501981332e+00 3.286495523275490882e+00
3.056003621600816622e+00 -4.980690363374223217e+00
2.084575922966269701e+00 3.831467635219369061e+00
2.513362674877114955e+00 -2.227549659942129168e+00
2.783564516343427719e+00 1.991372894876514366e+00
2.426541947150449019e+00 -2.420268068599441769e+00
2.616357606374027256e+00 1.686986991606473696e+00
2.397788567762761502e+00 -1.092261291649956112e+00
2.293094827345440123e+00 2.305409761566788784e+00
2.967369995146656336e+00 -3.393385162303363956e+00
2.569851073407582120e+00 3.592758146172540190e+00
2.239284296491616644e+00 -3.460077738483281706e+00
2.685146284784801551e+00 -4.817505668676759889e+00
2.838412954550609157e+00 2.993931530047909462e+00
2.407097175325789706e+00 -4.874259791761034855e+00
2.759437804523904525e+00 -2.132135336847738039e+00
2.565521498102436126e+00 2.171900692771966845e+00
2.143689573297532291e+00 3.175666789870305706e+00
2.220562379185366808e+00 1.206671916996755467e+00
2.737532126032786728e+00 -2.112260443400816090e+00
1.955264762193692718e+00 3.769490986620068096e+00
2.516397038318782364e+00 1.293603762931976320e-01
2.896513396478659352e+00 8.924133683794222005e-01
2.649011960857877490e+00 4.210722863776391378e+00
2.019816628300073802e+00 4.406878078940026811e+00
2.822152409290890951e+00 -2.356291451431560713e+00
2.608786322665046953e+00 3.537544484958495161e+00
2.504476577110347435e+00 1.142393648656752969e+00
2.269410753989710372e+00 8.079593870074895934e-01
2.416112124594812727e+00 1.805406613152211293e+00
2.543344672815479157e+00 8.841985042831512764e-01
2.328902505763545960e+00 1.322736508272077671e+00
2.498972293031176406e+00 6.295947024106189893e-01
2.364422870067059534e+00 1.007999458134751114e+00
2.383931294746941987e+00 1.270634168967905042e+00
2.418303916017174870e+00 1.607467436577310949e+00
2.488014022039294559e+00 2.893528423359232882e+00
2.649847870790490667e+00 -2.069166717103168018e+00
2.478311307962036025e+00 1.834635509636997508e+00
2.436599352568611820e+00 1.882866759273432278e+00
2.348154519418422126e+00 1.693363849174671643e+00
2.231118798250182778e+00 4.759310629662036440e+00
2.446546945139129292e+00 2.615109009701209075e+00
2.512737401223585465e+00 1.599199244037742274e+00
2.370800776730366266e+00 -3.278197206473953962e-01
2.417869633041135558e+00 2.041052923884969061e+00
2.537617451060064866e+00 2.381926582109668011e+00
2.571287007553182846e+00 3.143516980678213724e+00
2.472425911659490438e+00 1.758927836318317617e+00
2.500853579861901821e+00 5.473441608757225740e-01
2.460339250909957087e+00 2.963422848140840671e+00
2.400254179461979831e+00 1.121771118999344452e+00
2.526033962527236554e+00 1.178824328455848613e+00
2.511158277121214866e+00 4.628976175024517303e-01
2.441885432365129560e+00 1.295585228257792210e+00
2.510098806100550917e+00 3.221827520404864087e-01
2.469364889995212309e+00 1.195400993086167984e+00
2.569214013900122495e+00 1.940810010975628774e+00
2.469840847281199459e+00 3.288994233230770892e-01
2.562223082532650409e+00 -3.437425145286676642e-02
2.461670421166692435e+00 -4.540545603027458244e-01
2.547312072862892407e+00 1.445027223653335691e-01
2.545315664052315796e+00 1.990848855673430950e+00
2.522025695152365188e+00 1.193024181742994960e+00
2.554996417900786909e+00 2.025783945660438512e+00
2.514166394314779396e+00 2.363229580094841076e+00
2.576763330077133318e+00 1.239371812105127590e+00
2.603992131115355768e+00 3.728451516087259998e-01
2.409635453988359544e+00 1.826321535793119288e+00
2.556279501063198012e+00 2.464131716352182533e+00
2.447167558348454008e+00 1.134375778785401190e+00
2.544042845055432878e+00 1.383278397900785217e+00
2.488988116604613055e+00 1.544999005161968864e+00
2.530930099146180723e+00 2.226997298907956502e+00
2.560932610991603298e+00 1.142925921948173329e+00
2.543910187856258887e+00 9.526354311211614467e-01
2.488931828356143683e+00 1.710347938874279938e+00
2.474542969406472892e+00 8.548661151495159372e-01
2.581373941547164819e+00 2.115222201411568026e+00
2.479685083352594077e+00 1.882242619736415712e+00
2.511062704298028692e+00 1.146440627611615248e+00
2.517532894604665117e+00 1.322614670408413184e+00
2.510670389073446529e+00 1.569877414975795471e+00
2.514313036065258800e+00 1.663533913337693626e+00
2.480511230819496760e+00 1.614734271634142182e+00
2.486618854689652380e+00 1.424477507859276182e+00
2.495246025435603698e+00 1.692343985945449436e+00
2.517467868014581001e+00 1.711101082060689560e+00
2.522747729527916150e+00 1.911481316675334163e+00
2.537128499238155754e+00 1.337241067660990268e+00
2.502392187709473248e+00 1.136484789371232651e+00
2.508277363209908017e+00 1.435430477806469263e+00
2.494143117904899398e+00 1.376797898715724111e+00
2.526951816517847504e+00 2.000332283235482844e+00
2.499670266955471121e+00 1.704340328360745671e+00
2.503578040006841476e+00 8.030190270783392759e-01
2.535775965939979670e+00 2.150685520170816378e+00
2.498640408830844706e+00 2.371989484944974524e+00
2.492360906643920515e+00 1.332033853103760324e+00
2.518822754591869995e+00 2.181707390426840032e+00
2.515461881774534447e+00 1.756692995661899737e+00
2.513248173469943225e+00 2.172946790977315246e+00
2.513465957239567672e+00 1.924609399643447682e+00
2.508329169558962235e+00 1.852341238877377227e+00
2.526231037130081347e+00 2.342860161031898869e+00
2.511289135490486046e+00 2.519932302127061874e+00
2.513699333402270142e+00 1.922905853994468783e+00
2.524907191073950230e+00 2.285435624156523016e+00
2.520401884811837689e+00 2.075257218394333414e+00
2.522017213889334641e+00 1.713298600978980790e+00
2.520265546560580106e+00 2.403870549982520810e+00
2.503264357053096134e+00 2.146962326180827496e+00
2.495015298415749427e+00 1.663065097132312209e+00
2.520947305909036373e+00 2.520750347712730211e+00
2.517924660538287895e+00 2.475002829975257335e+00
2.521238330699919317e+00 2.671745149347760862e+00
2.510968548691590030e+00 2.737497473377273671e+00
2.512683578111456484e+00 1.903581940462984345e+00
2.500831102735659783e+00 1.840203500279450566e+00
2.479890895201448231e+00 2.393346186749112370e+00
2.499913138942929436e+00 1.871022072766349131e+00
2.518675064448782308e+00 2.363269889656855582e+00
2.497635966546246422e+00 2.456622635897510065e+00
2.500962008050684915e+00 1.782617155203716885e+00
2.510284738332895671e+00 2.197112770219629141e+00
2.498937693904299095e+00 1.922255895085137389e+00
2.508812027741333495e+00 1.840938025581882576e+00
2.503704791666084617e+00 2.225109240012184575e+00
2.494221452185751531e+00 1.718871524486927704e+00
2.515636631098439935e+00 2.060476696409403008e+00
2.499548103963308066e+00 1.664453433885025202e+00
2.511994338427065543e+00 2.370794272353586862e+00
2.507488501626038868e+00 1.773424016935506220e+00
2.494007817687670325e+00 2.114904432283144953e+00
2.503999342524068084e+00 2.070117368438512795e+00
2.521489389314826468e+00 1.963162137356263770e+00
2.498578450567190856e+00 1.753728938431211137e+00
2.515925224706283103e+00 1.947570753014081113e+00
2.500517045305873154e+00 2.092209384274659634e+00
2.499986610208472015e+00 2.115856744847803395e+00
2.510484888857835273e+00 1.916104491913799501e+00
2.524403976935213123e+00 2.123617015961086096e+00
2.512405333896875703e+00 1.557051521458971077e+00
2.516800019054331372e+00 1.739239263563232329e+00
2.516225348128088513e+00 1.702830401296444807e+00
2.521648315377415628e+00 2.197754151768753772e+00
2.516572369773909301e+00 1.988929886385233159e+00
2.511534146552095947e+00 1.682995439196859122e+00
2.533613698861865160e+00 2.006166676941037785e+00
2.520846234139449749e+00 1.785496547001189649e+00
2.514844530343689044e+00 1.996892501308970225e+00
2.529150143819862251e+00 2.082793669234626055e+00
2.524635516354313935e+00 1.920103503182308380e+00
2.526503512825598818e+00 1.914037628568919791e+00
2.510418994694020967e+00 1.685319318943371059e+00
2.502206200189748486e+00 1.418171341809058017e+00
2.523327291231723279e+00 2.048010429348570138e+00
2.509216652764994393e+00 2.128423796488956299e+00
2.508220661297389853e+00 1.952527506728709339e+00
2.514654600951823582e+00 1.779667559864998028e+00
2.517189070226649505e+00 1.856626927440597985e+00
2.513264130303571875e+00 1.888337773910361728e+00
2.502790371072519449e+00 1.506223633727650668e+00
2.535021377842047841e+00 2.109184186641289926e+00
2.516413726783749638e+00 1.666849775762530905e+00
2.510323057034444361e+00 1.843193320388451628e+00
2.518897790799652370e+00 1.685534256796522357e+00
2.511707101969291145e+00 1.785220552363499635e+00
2.518026463723291641e+00 1.811481798654719144e+00
2.508610961662807171e+00 1.698920282191070275e+00
2.516293641079952792e+00 1.769276799170673042e+00
2.512447939188980683e+00 1.945929539083192106e+00
2.511649462504346175e+00 1.814431332998712065e+00
2.505604344767732528e+00 1.671492425538122051e+00
2.512982139671839477e+00 1.791285849932642282e+00
2.511888480040797234e+00 1.715670699105104724e+00
2.517035916568325149e+00 1.976243166567639653e+00
2.514007863188060909e+00 1.851475584408126984e+00
2.513618921100887249e+00 1.855189761066391885e+00
2.512631437716404292e+00 2.045224043741784126e+00
2.513616636589061315e+00 2.064247159589187586e+00
2.516664917265956092e+00 1.723595655826961615e+00
2.512462806272241167e+00 1.790379829804255918e+00
2.513789287738928735e+00 1.867719922290858703e+00
