4.934704613053407130e+00 -3.589693485723268296e+00
4.333790363672570756e+00 2.233697466882538230e+00
4.021875297432431218e-01 4.021431677444059716e+00
-3.079272160419435522e+00 3.701629794227946579e+00
4.158891860710488331e+00 -1.618626934306323761e+00
3.430656194630180789e+00 -4.352470114323593542e+00
-1.312564464613293680e+00 1.466104108392594085e+00
3.621405317638293653e+00 -2.359468908202493775e+00
1.217004641585628377e+00 -4.923032327420663989e+00
2.633027976776382673e+00 -3.372515391484587788e+00
1.592496715666728235e+00 7.947834413974881329e-01
1.199245231899552344e+00 3.146236741867656228e+00
3.770998697073874695e+00 3.529606403182097285e+00
3.763703591678508431e+00 -9.402266958858351842e-01
-3.052453444604411814e+00 -4.664335979548034139e+00
2.410722024688314313e+00 -2.143717639780249762e+00
2.108283687640964743e+00 -3.055151760752658596e+00
3.493469942786324278e+00 -8.879913599031263871e-02
2.275335897726805001e+00 3.022278974322729184e+00
3.775635522372298158e+00 -3.932386639109045401e+00
4.979377830845074904e+00 -3.518715235650880846e+00
4.881256793894849899e+00 -2.170950678255394450e+00
3.699483175326169881e+00 -5.822981770385764477e-01
1.211570954652578358e+00 4.382330601106474433e+00
4.331721985371491002e+00 -3.126607132703028036e+00
1.639450381934295820e+00 1.453271904469764397e+00
4.285434159095721895e+00 4.123284739495851170e+00
2.739480305392234527e+00 -3.579789532449164646e+00
1.264378174851971792e+00 -2.339365286714647940e+00
4.395165865117629522e+00 -4.161182726363661821e+00
3.165755394442407944e+00 -5.821347565005738911e-01
9.929023845691027361e-01 -2.413867126403120622e+00
1.451832700080103677e+00 1.426765673119574140e+00
4.151214054928326291e+00 -9.608612593158809556e-01
2.801276532950413234e+00 -9.931964260561252367e-01
4.211208247135070692e+00 -4.785193240421468097e+00
4.433038167251279305e+00 -1.260036513078992559e+00
4.511264819335679022e+00 -4.977598689114583586e+00
4.566418535081171015e+00 -3.275040201076039881e-01
4.307250349938892775e+00 1.965189862395910314e+00
1.866718145222023395e+00 -3.540422697801480112e+00
4.106880543739786837e+00 4.745418454712384104e+00
3.795375930279984988e+00 3.103433418256247300e+00
1.982180386425829610e+00 4.272547444987539578e+00
4.998779145043149796e+00 2.513060458201067604e+00
3.168390174656741998e+00 2.001387440674120555e+00
4.921274770010508171e+00 9.144586327536874393e-01
4.466327656227514709e+00 -4.278282508753668445e+00
3.497173975175389415e+00 4.955573007309284961e+00
4.435892616322293591e+00 3.724717478506723634e+00
1.627936648147684018e+00 2.874767935018819109e+00
1.548783007262224842e+00 -4.999999190500695079e+00
1.725450712262796227e+00 -1.449101473209291058e-01
3.474151864092249742e+00 4.999655623524147607e+00
9.749041110129712528e-01 2.958310749822927299e+00
3.155841575339501937e+00 2.047034793453053503e+00
2.550986385706208281e+00 1.189740039324234999e+00
1.159729874773376856e+00 2.022660533599169419e+00
3.274425097218966130e+00 9.046942465230531916e-01
3.021611140453067890e+00 -3.322967884771927949e-01
4.999529707073834039e+00 7.361499621324933962e-01
2.955570379020397098e+00 3.946335025661219742e+00
2.557020432366913454e+00 -1.329869608638588385e+00
2.865961650977065567e+00 3.750370895712117125e+00
3.312966834335458355e+00 3.556699628174263772e+00
3.783586807317753209e+00 2.661000443194706300e+00
3.620423282419563016e+00 8.712810216456781109e-01
4.024417503015897957e-01 4.862779246253754906e+00
3.003668526574385655e+00 -1.344602960459577723e+00
4.467731256581153332e+00 1.153779230387468546e+00
3.872137872451636653e+00 1.466511828442092602e+00
3.221965091761595623e+00 1.479435401664132677e+00
4.041603801109073579e+00 6.204791001476142043e-01
4.420348033315065983e+00 -3.172631560691558938e-01
1.774383360685726219e+00 -1.457201837693555158e+00
2.120993561027958663e+00 -9.207406360429554182e-01
4.996793583875172473e+00 -2.249251399404657015e-01
4.186514810216468874e+00 1.946105334945753773e+00
2.447240646877205439e+00 3.559361894907680401e+00
3.003033188909946194e+00 1.078902134007831970e-01
2.792012659506443839e+00 -1.043711346277444330e+00
3.255636469034475233e+00 -2.029661755603823003e+00
3.130279143912650053e+00 -9.675258130502226717e-01
3.612480869941563366e+00 -4.971722759206452125e+00
3.946058181717948976e+00 1.431630377998339698e+00
2.223844100400085289e+00 -9.994466084959992003e-01
3.137791156095554701e+00 -4.435226517657479661e+00
2.972066902729645133e+00 -2.961048917924450574e+00
3.211384910241183110e+00 8.653078368998270431e-01
2.782116419887280756e+00 -2.631801909654664762e+00
3.785403400811120367e+00 -1.443917184067068815e+00
2.545133773510149133e+00 -2.919011888987240511e+00
3.844044557678766072e+00 1.489565185871066788e-03
3.020751197106862129e+00 -3.307846495698900657e-01
2.937134712378766999e+00 -1.425387884514184300e-01
3.052739667540539159e+00 -1.453537716933250401e+00
3.269370395973719035e+00 -1.287354270969309544e+00
3.381085137192535228e+00 -2.101983298490956720e-01
2.487544344853096057e+00 1.489240145455410946e+00
2.936598041057143504e+00 -1.697676493709283196e+00
3.110736904284333360e+00 -2.668162008636538740e-01
3.091068579557980645e+00 5.787885985585980997e-01
2.858972200690343080e+00 -4.672707046572867062e-01
3.421029975592806860e+00 -9.693010885960646750e-01
3.310065225980215242e+00 -1.767253310630525931e+00
2.503091016041014250e+00 -1.939520227998945856e+00
3.350460116491690510e+00 -1.132619062469917282e+00
3.068750511255391444e+00 -5.518219746325023767e-01
3.414966380430497050e+00 -9.153434721182818201e-01
3.051554182589346631e+00 -1.817795100536504949e+00
3.081186544055100729e+00 -1.673939017864250367e+00
3.403759550860028682e+00 -2.252131199960276220e+00
2.938212599317641782e+00 -3.200711201728370092e+00
3.289565000041358100e+00 -1.764050868497331059e-01
3.294961291664978198e+00 -1.379891880605081722e+00
2.504544081856281856e+00 4.746019717787634207e+00
3.228800429750814605e+00 -1.042664759593034729e+00
3.332558442514101049e+00 -1.100797029028700136e+00
3.498968669987695623e+00 1.663943013160284812e+00
3.395920268103166162e+00 -5.287891922907744791e-01
3.448886265354486724e+00 -1.170263438404099743e+00
3.165695975203794976e+00 7.387056260518574113e-01
3.351794556876778408e+00 1.874772760881495692e-01
3.015622918802511432e+00 -1.760118688562656075e+00
3.423478532094943017e+00 -2.161430182145877232e+00
3.219331194159697596e+00 -6.721756845747959286e-01
3.405957279082900246e+00 -1.035160780588479046e+00
3.187987174639656196e+00 -1.092161362305196004e+00
3.281543186030792203e+00 7.500733433862717403e-01
3.335263212080814554e+00 1.098881240485899413e+00
3.200734890014492517e+00 1.775291230152818978e-01
3.390510505268470531e+00 5.071892442659809985e-01
3.291921749439371769e+00 1.696818902478284041e+00
3.302087591983914105e+00 -3.873394182958079801e-01
3.493883845420340251e+00 -5.892863801764652854e-01
3.142688680466269702e+00 2.582223691385879150e+00
3.112095329280563316e+00 9.106899326329342959e-01
3.238583848199064974e+00 1.401742074515583969e+00
3.210409867038970688e+00 2.587603951530098811e+00
3.213000407936216440e+00 2.664781991869697109e+00
3.212236726894886374e+00 2.285057088005285619e-01
3.455609003268183432e+00 -2.286534789979950411e-01
3.237792812728784497e+00 -5.751214515660292292e-01
3.199386185551920114e+00 3.459123027064950895e-01
3.193807354954909528e+00 1.990151742807185320e+00
3.367978405554581389e+00 -1.500608118389822332e+00
3.258674532369442822e+00 6.572077069813810901e-01
3.259780611715687559e+00 -7.150477167864097705e-01
3.214504846192097531e+00 2.561569568848129919e-01
3.249109837904128550e+00 -4.943593395179239902e-01
3.254986493740259945e+00 2.293568404504284786e-01
3.212494180836995117e+00 -8.271738294916086698e-01
3.248448955947658590e+00 -1.168882476363639178e+00
3.235541518370309788e+00 -6.956799839042759892e-01
3.303904319004328904e+00 -5.267675600060990337e-01
3.212096112061358699e+00 -3.241443024728139499e-01
3.288958210757636724e+00 -3.911217677552201732e-01
3.263498670267680701e+00 1.750932790308499243e-01
3.153626509955538282e+00 1.999010501201131662e-01
3.264967058434297353e+00 -8.628974287956323042e-02
3.198166548492078487e+00 6.891142960908407389e-01
3.258348395014917909e+00 -7.621820405334706061e-02
3.291119469776523143e+00 -5.845671975555551958e-01
3.327893013363329544e+00 -1.265832870690168477e+00
3.294850851792958224e+00 -9.233254903272056779e-01
3.293352867741514256e+00 -9.077634199249540181e-01
3.362350136305218395e+00 -5.624410656019948607e-02
3.258960197028033079e+00 3.344085181396345696e-01
3.275613015668113803e+00 -8.420093987942587344e-01
3.369374873145742466e+00 -1.795552065677906040e+00
3.272604117588233663e+00 6.294390312324238401e-02
3.267670165970143703e+00 -1.339231729304428686e+00
3.281362647878153460e+00 -1.003369233982650544e+00
3.349491703724267744e+00 -1.460249451611981053e+00
3.275374489138492162e+00 -3.244983520803222943e-01
3.349980203198046347e+00 -1.354801990605360773e+00
3.276547693830729191e+00 -6.530798310346691560e-01
3.348720716549062892e+00 -8.059794927106379570e-01
3.215567880171569026e+00 -2.098288896035120921e-01
3.260263356386356559e+00 -2.190655311718575637e-01
3.303443242962608384e+00 -5.659046729584484847e-01
3.265566782067569562e+00 -1.668387715572829944e-01
3.311268017394590313e+00 -1.571381608184583278e-01
3.271562402593666263e+00 -7.047618164934829066e-01
3.210642982736489515e+00 1.373453579476712205e-01
3.308318051972534146e+00 3.895255159700223846e-01
3.289884116191752472e+00 2.276661610900092558e-01
3.311851098554181583e+00 -4.435582057272630108e-02
3.303345390484217159e+00 -5.107982560995616428e-01
3.313611343596341907e+00 -1.088301805546701306e+00
3.261411995747927506e+00 -3.662679775174682573e-01
3.284516309580960858e+00 -5.355759372933388551e-02
3.272151321525726519e+00 1.123918832403662194e+00
3.290769492024964382e+00 -1.538237953760141608e+00
3.266978445848772949e+00 -2.031959207426117797e-01
3.262427638371129035e+00 -7.975070716496354684e-02
3.312728053218719992e+00 -4.134298820215507320e-01
3.319262314684523041e+00 7.390714573905821094e-01
3.253748800368321703e+00 8.654363300367562406e-02
3.261827056606510844e+00 4.965909967732237140e-01
3.282272745929727620e+00 -7.051439426180836634e-01
3.284627920027582970e+00 -6.698826940478010972e-01
3.284417769350994831e+00 -1.396054307690956509e-01
3.266454493899699774e+00 7.904322069874025747e-01
3.293761358166845454e+00 -1.400498261624919305e+00
3.279066770120800278e+00 -9.097347109462186054e-01
3.295372561254833688e+00 -1.415096374205567331e+00
3.280866477199043452e+00 9.134654265291273223e-01
3.328423854518563818e+00 -1.450421188847683229e+00
3.271343364906014628e+00 -1.304650980632301671e+00
3.281978138403233825e+00 8.190992724740947528e-02
3.298836861738692061e+00 -2.462595631285317832e-01
3.288105041938349071e+00 1.054865191943409108e+00
3.290196060668304501e+00 -1.006190667711880371e+00
3.276063984234122373e+00 1.957063842997373571e-01
3.291141528187992993e+00 -1.198996329820247064e+00
3.292701399681756236e+00 2.780715684673741306e-01
3.285426752160113040e+00 1.923271556352187606e+00
3.282521038414882852e+00 -2.077791214001700193e-01
3.287573221820105029e+00 -4.392836498562870395e-01
3.269345198330738889e+00 1.835425168020867970e+00
3.266655951202546593e+00 8.557176318225034883e-02
3.300595031226997378e+00 2.781847258227373665e+00
3.286013420449081845e+00 9.860961851982877890e-01
3.285961061013662032e+00 2.672550712697344677e-01
3.290323703069733874e+00 6.603743388105614009e-01
3.293819163840728148e+00 1.138324479032119863e+00
3.276568912306461190e+00 1.442909594870763978e+00
3.279483332749898672e+00 1.067141801976539073e+00
3.281131517243613960e+00 1.074542884009048960e+00
3.281600069907062434e+00 6.896832460452180236e-01
3.294617160220660868e+00 -4.725752995674713519e-01
3.282506626122473126e+00 2.228916991474372722e+00
3.282007432698329286e+00 6.380839814071715965e-01
3.273346568999440986e+00 4.669580869678058299e-01
3.283014987525802120e+00 5.477925730127417570e-01
3.277772801813560566e+00 1.964824862192058319e+00
3.281014153003600331e+00 1.607557607742998940e+00
3.282088030847463145e+00 -6.493495457115003866e-01
3.267378207001554902e+00 8.810355116318070445e-01
3.280178558688300772e+00 1.149169924688881794e+00
3.284652659724038415e+00 1.602479249589654264e+00
3.277178790767686589e+00 1.140442079477468340e+00
3.278878823375030116e+00 1.162461772541665495e+00
3.279526563136379469e+00 1.256513537471612096e+00
3.282745936509662510e+00 1.178736341269895016e+00
3.291668138926039600e+00 2.340051531405528351e+00
3.285913235287626133e+00 1.567408835642551290e+00
3.282573716279756137e+00 1.384932766254518555e+00
3.287241065987159150e+00 1.792678320584378593e+00
3.280052832959005293e+00 1.024163946825717764e+00
3.277712504606619781e+00 1.337770788360359120e+00
3.285756940331007847e+00 1.451941249510582344e+00
3.283688758615643355e+00 1.904510084438039375e+00
3.289524113663266469e+00 1.614764214169499557e+00
3.289065587097249388e+00 1.707650455328169281e+00
3.285993293292412964e+00 1.857115225117501156e+00
3.277944508346978925e+00 1.301753855079909039e+00
3.283439109109318910e+00 1.298968499586888647e+00
3.288540161547194973e+00 1.950695514236819417e+00
3.278576917764021825e+00 1.435330328773084307e+00
3.284779771455084596e+00 1.260668654415772139e+00
3.286809217232214753e+00 1.399315870706274056e+00
3.287706153219976279e+00 1.292084211343831557e+00
3.285396440013364838e+00 1.262311824161471474e+00
3.284323404185010897e+00 1.242586227896183892e+00
3.284938077556755598e+00 1.397235898767309248e+00
3.284550602997128532e+00 1.918575289147079754e+00
3.281119215747797302e+00 1.051878560607815594e+00
3.283199552233620810e+00 1.773438914429986912e+00
3.283536931970127526e+00 1.323847266532670153e+00
3.286338652965331342e+00 1.728646350105023766e+00
3.284408687786600556e+00 1.047757019884390184e+00
3.291596659164794936e+00 1.943171264838175594e+00
3.281156601103292214e+00 9.922878225497537841e-01
3.282590206335392669e+00 6.019805956954460413e-01
3.283980700062780311e+00 1.068955077977217227e+00
3.285690524664816259e+00 1.266272848694526498e+00
3.286631947889791849e+00 1.509128801507084727e+00
3.284379890759006049e+00 1.714701068100047188e+00
3.286899009939939997e+00 1.497701553286244991e+00
3.283129311859103172e+00 1.338074975395163069e+00
3.286236840757679190e+00 1.501355902802587572e+00
3.284168667313745793e+00 1.399462374885316329e+00
3.284723685413878602e+00 1.217686780737381458e+00
3.284309111711973816e+00 1.257371049674826935e+00
3.284141557070248574e+00 1.439444439084007543e+00
3.284323726529115639e+00 6.461324622945396889e-01
3.284316597905905688e+00 1.140674882586735439e+00
3.289600321352729395e+00 1.863640956958156902e+00
3.285275721716331532e+00 1.258647072621399410e+00
3.283527493306065193e+00 1.354118051182656268e+00
3.284438029096426792e+00 1.312658087069035862e+00
3.285407271578328903e+00 1.339470237457455415e+00
3.287291741318181248e+00 1.371325030402119394e+00
3.285211590830497297e+00 1.596246885562293549e+00
3.286284675517044285e+00 1.505232149653389362e+00
3.283125300359271748e+00 9.270599666458329002e-01
3.285393679994780491e+00 1.700235365092445772e+00
3.289226813503275171e+00 1.365546652184451926e+00
3.287416116946184186e+00 1.514077979665789497e+00
3.286409905095214246e+00 1.471450299488798796e+00
3.285704788807130683e+00 1.566038265714697841e+00
3.284670916451716938e+00 1.256051616923777869e+00
3.288232820380884380e+00 1.693898924636962233e+00
3.287384350071619110e+00 1.492196047072653187e+00
3.285363461049631173e+00 1.398161187895008206e+00
3.287580504194157260e+00 1.671278448802295813e+00
3.285641421780275628e+00 1.259840057501368182e+00
3.286574656910071557e+00 1.587777152194558505e+00
3.288062532539390848e+00 1.406749966048297606e+00
3.287454932152981790e+00 1.398161149751998789e+00
3.285318650047397870e+00 1.407572646429592567e+00
3.285383534336101974e+00 1.394896371252371869e+00
3.286101841020750314e+00 1.435443874716203938e+00
3.287823735953228077e+00 1.654759628517249004e+00
3.285116849276609408e+00 1.351278007446923946e+00
3.284972006808075218e+00 1.310075813881315776e+00
3.285398506311143052e+00 1.406150102285677939e+00
