-7.824999999999999734e-01
-7.774999999999999689e-01
-7.850000000000000311e-01
-7.900000000000000355e-01
-6.374999999999999556e-01
-7.700000000000000178e-01
-7.500000000000000000e-01
-7.724999999999999645e-01
-7.475000000000000533e-01
-7.750000000000000222e-01
-7.750000000000000222e-01
-7.774999999999999689e-01
-7.800000000000000266e-01
-7.724999999999999645e-01
-7.624999999999999556e-01
-7.850000000000000311e-01
-7.624999999999999556e-01
-7.700000000000000178e-01
-7.824999999999999734e-01
-7.824999999999999734e-01
-7.750000000000000222e-01
-7.850000000000000311e-01
-7.475000000000000533e-01
-7.850000000000000311e-01
-7.850000000000000311e-01
-7.524999999999999467e-01
-6.175000000000000488e-01
-7.724999999999999645e-01
-7.824999999999999734e-01
-7.850000000000000311e-01
-7.750000000000000222e-01
-7.075000000000000178e-01
-7.750000000000000222e-01
-7.874999999999999778e-01
-7.800000000000000266e-01
-7.824999999999999734e-01
-6.600000000000000311e-01
-7.800000000000000266e-01
-7.850000000000000311e-01
-7.774999999999999689e-01
-7.774999999999999689e-01
-6.175000000000000488e-01
-7.824999999999999734e-01
-7.874999999999999778e-01
-7.800000000000000266e-01
-7.850000000000000311e-01
-7.574999999999999512e-01
-7.824999999999999734e-01
-7.524999999999999467e-01
-7.850000000000000311e-01
-7.750000000000000222e-01
-7.824999999999999734e-01
-7.800000000000000266e-01
-7.700000000000000178e-01
-7.774999999999999689e-01
-7.824999999999999734e-01
-6.175000000000000488e-01
-7.750000000000000222e-01
-7.550000000000000044e-01
-7.774999999999999689e-01
-7.850000000000000311e-01
-7.600000000000000089e-01
-1.024999999999999939e-01
-7.774999999999999689e-01
-6.374999999999999556e-01
-7.550000000000000044e-01
-7.700000000000000178e-01
-7.724999999999999645e-01
-7.874999999999999778e-01
-6.274999999999999467e-01
-7.774999999999999689e-01
-7.824999999999999734e-01
-7.850000000000000311e-01
-7.824999999999999734e-01
-7.199999999999999734e-01
-7.874999999999999778e-01
-7.874999999999999778e-01
-6.700000000000000400e-01
-7.674999999999999600e-01
-7.850000000000000311e-01
-7.524999999999999467e-01
-7.700000000000000178e-01
-7.874999999999999778e-01
-7.774999999999999689e-01
-7.824999999999999734e-01
-7.824999999999999734e-01
-7.850000000000000311e-01
-7.800000000000000266e-01
-7.874999999999999778e-01
-7.600000000000000089e-01
-7.850000000000000311e-01
-7.524999999999999467e-01
-7.874999999999999778e-01
-7.724999999999999645e-01
-7.800000000000000266e-01
-7.874999999999999778e-01
-7.824999999999999734e-01
-7.824999999999999734e-01
-7.800000000000000266e-01
-7.850000000000000311e-01
-7.824999999999999734e-01
-7.824999999999999734e-01
-7.850000000000000311e-01
-7.824999999999999734e-01
-7.874999999999999778e-01
-7.850000000000000311e-01
-7.824999999999999734e-01
-7.850000000000000311e-01
-7.850000000000000311e-01
-7.900000000000000355e-01
-7.824999999999999734e-01
-7.824999999999999734e-01
-7.900000000000000355e-01
-7.824999999999999734e-01
-7.824999999999999734e-01
-7.824999999999999734e-01
-7.774999999999999689e-01
-7.850000000000000311e-01
-7.850000000000000311e-01
-7.824999999999999734e-01
-7.824999999999999734e-01
-7.824999999999999734e-01
-7.824999999999999734e-01
-7.850000000000000311e-01
-7.850000000000000311e-01
-7.724999999999999645e-01
-7.824999999999999734e-01
-7.824999999999999734e-01
-7.874999999999999778e-01
-7.824999999999999734e-01
-7.874999999999999778e-01
-7.874999999999999778e-01
-7.850000000000000311e-01
-7.874999999999999778e-01
-7.824999999999999734e-01
-7.824999999999999734e-01
-7.824999999999999734e-01
-7.874999999999999778e-01
-7.824999999999999734e-01
-7.874999999999999778e-01
-7.874999999999999778e-01
-7.824999999999999734e-01
-7.824999999999999734e-01
-7.850000000000000311e-01
-7.874999999999999778e-01
-7.824999999999999734e-01
-7.824999999999999734e-01
-7.824999999999999734e-01
-7.874999999999999778e-01
-7.824999999999999734e-01
-7.874999999999999778e-01
-7.874999999999999778e-01
-7.850000000000000311e-01
-7.874999999999999778e-01
-7.874999999999999778e-01
-7.874999999999999778e-01
-7.874999999999999778e-01
-7.874999999999999778e-01
-7.874999999999999778e-01
-7.850000000000000311e-01
-7.874999999999999778e-01
-7.874999999999999778e-01
-7.874999999999999778e-01
-7.874999999999999778e-01
-7.874999999999999778e-01
-7.874999999999999778e-01
-7.850000000000000311e-01
-7.874999999999999778e-01
-7.874999999999999778e-01
-7.874999999999999778e-01
-7.874999999999999778e-01
-7.874999999999999778e-01
-7.874999999999999778e-01
-7.874999999999999778e-01
-7.874999999999999778e-01
-7.874999999999999778e-01
-7.874999999999999778e-01
-7.874999999999999778e-01
-7.850000000000000311e-01
-7.874999999999999778e-01
-7.874999999999999778e-01
-7.850000000000000311e-01
-7.874999999999999778e-01
-7.874999999999999778e-01
-7.850000000000000311e-01
-7.850000000000000311e-01
-7.850000000000000311e-01
-7.874999999999999778e-01
-7.850000000000000311e-01
-7.874999999999999778e-01
-7.874999999999999778e-01
-7.850000000000000311e-01
-7.874999999999999778e-01
-7.874999999999999778e-01
-7.874999999999999778e-01
-7.874999999999999778e-01
-7.850000000000000311e-01
-7.874999999999999778e-01
-7.874999999999999778e-01
-7.824999999999999734e-01
-7.850000000000000311e-01
-7.874999999999999778e-01
-7.824999999999999734e-01
-7.824999999999999734e-01
-7.850000000000000311e-01
-7.850000000000000311e-01
-7.874999999999999778e-01
-7.874999999999999778e-01
-7.874999999999999778e-01
-7.874999999999999778e-01
-7.850000000000000311e-01
-7.850000000000000311e-01
-7.850000000000000311e-01
-7.874999999999999778e-01
-7.874999999999999778e-01
-7.874999999999999778e-01
-7.874999999999999778e-01
-7.850000000000000311e-01
-7.850000000000000311e-01
-7.850000000000000311e-01
-7.874999999999999778e-01
-7.850000000000000311e-01
-7.850000000000000311e-01
-7.874999999999999778e-01
-7.874999999999999778e-01
-7.874999999999999778e-01
-7.850000000000000311e-01
-7.874999999999999778e-01
-7.850000000000000311e-01
-7.874999999999999778e-01
-7.874999999999999778e-01
-7.874999999999999778e-01
-7.850000000000000311e-01
-7.874999999999999778e-01
-7.900000000000000355e-01
-7.850000000000000311e-01
-7.850000000000000311e-01
-7.874999999999999778e-01
-7.874999999999999778e-01
-7.874999999999999778e-01
-7.874999999999999778e-01
-7.824999999999999734e-01
-7.874999999999999778e-01
-7.850000000000000311e-01
-7.874999999999999778e-01
-7.774999999999999689e-01
-7.850000000000000311e-01
-7.874999999999999778e-01
-7.824999999999999734e-01
-7.824999999999999734e-01
-7.850000000000000311e-01
-7.874999999999999778e-01
-7.874999999999999778e-01
-7.850000000000000311e-01
-7.874999999999999778e-01
-7.850000000000000311e-01
-7.874999999999999778e-01
-7.874999999999999778e-01
-7.850000000000000311e-01
-7.874999999999999778e-01
-7.900000000000000355e-01
-7.850000000000000311e-01
-7.850000000000000311e-01
-7.850000000000000311e-01
-7.824999999999999734e-01
-7.874999999999999778e-01
-7.874999999999999778e-01
-7.900000000000000355e-01
-7.850000000000000311e-01
-7.824999999999999734e-01
-7.874999999999999778e-01
-7.874999999999999778e-01
-7.850000000000000311e-01
-7.824999999999999734e-01
-7.900000000000000355e-01
-7.824999999999999734e-01
-7.824999999999999734e-01
-7.850000000000000311e-01
-7.900000000000000355e-01
-7.824999999999999734e-01
-7.900000000000000355e-01
-7.874999999999999778e-01
-7.900000000000000355e-01
-7.874999999999999778e-01
-7.900000000000000355e-01
-7.874999999999999778e-01
-7.900000000000000355e-01
-7.824999999999999734e-01
-7.824999999999999734e-01
-7.850000000000000311e-01
-7.900000000000000355e-01
-7.850000000000000311e-01
-7.824999999999999734e-01
-7.900000000000000355e-01
-7.900000000000000355e-01
-7.900000000000000355e-01
-7.824999999999999734e-01
-7.900000000000000355e-01
-7.900000000000000355e-01
-7.900000000000000355e-01
-7.900000000000000355e-01
-7.900000000000000355e-01
-7.850000000000000311e-01
-7.900000000000000355e-01
-7.874999999999999778e-01
-7.900000000000000355e-01
-7.900000000000000355e-01
-7.850000000000000311e-01
-7.900000000000000355e-01
-7.900000000000000355e-01
-7.900000000000000355e-01
-7.900000000000000355e-01
-7.900000000000000355e-01
-7.874999999999999778e-01
-7.900000000000000355e-01
-7.900000000000000355e-01
-7.900000000000000355e-01
-7.900000000000000355e-01
-7.900000000000000355e-01
-7.900000000000000355e-01
-7.900000000000000355e-01
-7.900000000000000355e-01
-7.900000000000000355e-01
-7.900000000000000355e-01
-7.900000000000000355e-01
-7.900000000000000355e-01
-7.900000000000000355e-01
-7.900000000000000355e-01
-7.900000000000000355e-01
-7.900000000000000355e-01
-7.900000000000000355e-01
-7.900000000000000355e-01
-7.900000000000000355e-01
-7.900000000000000355e-01
-7.900000000000000355e-01
-7.900000000000000355e-01
-7.900000000000000355e-01
-7.900000000000000355e-01
-7.900000000000000355e-01
-7.900000000000000355e-01
-7.900000000000000355e-01
-7.850000000000000311e-01
-7.900000000000000355e-01
-7.900000000000000355e-01
-7.900000000000000355e-01
-7.900000000000000355e-01
-7.900000000000000355e-01
-7.900000000000000355e-01
-7.900000000000000355e-01
-7.900000000000000355e-01
-7.900000000000000355e-01
-7.900000000000000355e-01
-7.900000000000000355e-01
-7.900000000000000355e-01
-7.900000000000000355e-01
-7.900000000000000355e-01
-7.900000000000000355e-01
-7.900000000000000355e-01
-7.900000000000000355e-01
-7.900000000000000355e-01
-7.900000000000000355e-01
-7.900000000000000355e-01
-7.900000000000000355e-01
-7.900000000000000355e-01
-7.900000000000000355e-01
-7.900000000000000355e-01
