-4.199999999999999845e-01
-5.500000000000000444e-01
-4.766666666666666829e-01
-4.366666666666666474e-01
-5.799999999999999600e-01
-6.066666666666666874e-01
-4.500000000000000111e-01
-5.866666666666666696e-01
-5.066666666666667096e-01
-5.799999999999999600e-01
-5.433333333333333348e-01
-5.133333333333333082e-01
-5.833333333333333703e-01
-5.833333333333333703e-01
-1.866666666666666752e-01
-5.833333333333333703e-01
-5.566666666666666430e-01
-6.033333333333333881e-01
-5.699999999999999512e-01
-5.833333333333333703e-01
-4.133333333333333304e-01
-4.466666666666666563e-01
-5.833333333333333703e-01
-5.200000000000000178e-01
-5.466666666666666341e-01
-5.433333333333333348e-01
-5.633333333333333526e-01
-5.899999999999999689e-01
-5.200000000000000178e-01
-5.433333333333333348e-01
-5.999999999999999778e-01
-5.133333333333333082e-01
-5.333333333333333259e-01
-5.799999999999999600e-01
-5.899999999999999689e-01
-5.766666666666666607e-01
-5.433333333333333348e-01
-5.266666666666666163e-01
-5.166666666666667185e-01
-5.566666666666666430e-01
-5.466666666666666341e-01
-5.866666666666666696e-01
-5.866666666666666696e-01
-5.466666666666666341e-01
-4.033333333333333215e-01
-6.033333333333333881e-01
-4.266666666666666941e-01
-5.266666666666666163e-01
-6.033333333333333881e-01
-5.433333333333333348e-01
-5.466666666666666341e-01
-7.666666666666666075e-02
-5.500000000000000444e-01
-6.033333333333333881e-01
-5.133333333333333082e-01
-5.966666666666666785e-01
-5.799999999999999600e-01
-5.133333333333333082e-01
-5.799999999999999600e-01
-6.099999999999999867e-01
-5.999999999999999778e-01
-4.033333333333333215e-01
-5.966666666666666785e-01
-5.799999999999999600e-01
-5.799999999999999600e-01
-6.099999999999999867e-01
-5.833333333333333703e-01
-5.866666666666666696e-01
-4.766666666666666829e-01
-5.966666666666666785e-01
-5.266666666666666163e-01
-5.899999999999999689e-01
-6.099999999999999867e-01
-5.966666666666666785e-01
-5.433333333333333348e-01
-5.466666666666666341e-01
-5.566666666666666430e-01
-4.033333333333333215e-01
-5.799999999999999600e-01
-5.833333333333333703e-01
-5.966666666666666785e-01
-5.899999999999999689e-01
-6.099999999999999867e-01
-5.966666666666666785e-01
-5.833333333333333703e-01
-5.933333333333333792e-01
-5.699999999999999512e-01
-5.966666666666666785e-01
-5.933333333333333792e-01
-6.066666666666666874e-01
-5.899999999999999689e-01
-5.833333333333333703e-01
-5.833333333333333703e-01
-5.866666666666666696e-01
-5.999999999999999778e-01
-5.999999999999999778e-01
-5.999999999999999778e-01
-6.099999999999999867e-01
-6.066666666666666874e-01
-5.866666666666666696e-01
-5.999999999999999778e-01
-5.999999999999999778e-01
-5.999999999999999778e-01
-5.799999999999999600e-01
-6.066666666666666874e-01
-6.099999999999999867e-01
-5.799999999999999600e-01
-6.099999999999999867e-01
-5.999999999999999778e-01
-6.066666666666666874e-01
-5.999999999999999778e-01
-5.999999999999999778e-01
-6.066666666666666874e-01
-5.966666666666666785e-01
-6.133333333333332860e-01
-6.099999999999999867e-01
-6.099999999999999867e-01
-6.099999999999999867e-01
-5.999999999999999778e-01
-6.066666666666666874e-01
-6.066666666666666874e-01
-5.999999999999999778e-01
-6.099999999999999867e-01
-5.966666666666666785e-01
-6.066666666666666874e-01
-6.099999999999999867e-01
-6.066666666666666874e-01
-6.033333333333333881e-01
-6.133333333333332860e-01
-6.099999999999999867e-01
-6.033333333333333881e-01
-6.066666666666666874e-01
-6.099999999999999867e-01
-6.099999999999999867e-01
-6.033333333333333881e-01
-5.966666666666666785e-01
-5.999999999999999778e-01
-6.099999999999999867e-01
-6.066666666666666874e-01
-6.066666666666666874e-01
-6.066666666666666874e-01
-6.066666666666666874e-01
-6.099999999999999867e-01
-6.033333333333333881e-01
-6.033333333333333881e-01
-6.066666666666666874e-01
-6.099999999999999867e-01
-6.099999999999999867e-01
-6.066666666666666874e-01
-6.099999999999999867e-01
-6.099999999999999867e-01
-6.066666666666666874e-01
-6.099999999999999867e-01
-6.099999999999999867e-01
-6.099999999999999867e-01
-6.066666666666666874e-01
-6.133333333333332860e-01
-6.099999999999999867e-01
-5.966666666666666785e-01
-6.099999999999999867e-01
-6.033333333333333881e-01
-6.099999999999999867e-01
-6.099999999999999867e-01
-6.099999999999999867e-01
-6.099999999999999867e-01
-6.099999999999999867e-01
-6.099999999999999867e-01
-6.099999999999999867e-01
-6.099999999999999867e-01
-6.066666666666666874e-01
-6.099999999999999867e-01
-6.099999999999999867e-01
-6.133333333333332860e-01
-6.099999999999999867e-01
-6.099999999999999867e-01
-6.099999999999999867e-01
-6.133333333333332860e-01
-6.099999999999999867e-01
-6.066666666666666874e-01
-6.099999999999999867e-01
-6.099999999999999867e-01
-6.099999999999999867e-01
-6.099999999999999867e-01
-6.099999999999999867e-01
-6.066666666666666874e-01
-6.099999999999999867e-01
-6.133333333333332860e-01
-6.099999999999999867e-01
-6.099999999999999867e-01
-6.099999999999999867e-01
-6.099999999999999867e-01
-6.133333333333332860e-01
-6.099999999999999867e-01
-6.099999999999999867e-01
-6.099999999999999867e-01
-6.099999999999999867e-01
-6.099999999999999867e-01
-6.099999999999999867e-01
-6.099999999999999867e-01
-6.099999999999999867e-01
-6.133333333333332860e-01
-6.133333333333332860e-01
-6.133333333333332860e-01
-6.099999999999999867e-01
-6.099999999999999867e-01
-6.133333333333332860e-01
-6.099999999999999867e-01
-6.133333333333332860e-01
-6.099999999999999867e-01
-6.099999999999999867e-01
-6.133333333333332860e-01
-6.099999999999999867e-01
-6.133333333333332860e-01
-6.099999999999999867e-01
-6.099999999999999867e-01
-6.099999999999999867e-01
-6.099999999999999867e-01
-6.133333333333332860e-01
-6.133333333333332860e-01
-6.133333333333332860e-01
-6.099999999999999867e-01
-6.099999999999999867e-01
-6.099999999999999867e-01
-6.133333333333332860e-01
-6.133333333333332860e-01
-6.099999999999999867e-01
-6.099999999999999867e-01
-6.133333333333332860e-01
-6.133333333333332860e-01
-6.133333333333332860e-01
-6.133333333333332860e-01
-6.099999999999999867e-01
-6.133333333333332860e-01
-6.133333333333332860e-01
-6.099999999999999867e-01
-6.133333333333332860e-01
-6.133333333333332860e-01
-6.133333333333332860e-01
-6.133333333333332860e-01
-6.099999999999999867e-01
-6.133333333333332860e-01
-6.133333333333332860e-01
-6.133333333333332860e-01
-6.133333333333332860e-01
-6.133333333333332860e-01
-6.133333333333332860e-01
-6.099999999999999867e-01
-6.133333333333332860e-01
-6.133333333333332860e-01
-6.133333333333332860e-01
-6.133333333333332860e-01
-6.133333333333332860e-01
-6.133333333333332860e-01
-6.133333333333332860e-01
-6.133333333333332860e-01
-6.133333333333332860e-01
-6.133333333333332860e-01
-6.133333333333332860e-01
-6.133333333333332860e-01
-6.133333333333332860e-01
-6.133333333333332860e-01
-6.133333333333332860e-01
-6.133333333333332860e-01
-6.133333333333332860e-01
-6.133333333333332860e-01
-6.133333333333332860e-01
-6.133333333333332860e-01
-6.133333333333332860e-01
-6.133333333333332860e-01
-6.133333333333332860e-01
-6.133333333333332860e-01
-6.133333333333332860e-01
-6.133333333333332860e-01
-6.099999999999999867e-01
-6.133333333333332860e-01
-6.133333333333332860e-01
-6.133333333333332860e-01
-6.133333333333332860e-01
-6.133333333333332860e-01
-6.133333333333332860e-01
-6.133333333333332860e-01
-6.133333333333332860e-01
-6.133333333333332860e-01
-6.133333333333332860e-01
-6.133333333333332860e-01
-6.133333333333332860e-01
-6.133333333333332860e-01
-6.133333333333332860e-01
-6.133333333333332860e-01
-6.133333333333332860e-01
-6.133333333333332860e-01
-6.133333333333332860e-01
-6.133333333333332860e-01
-6.133333333333332860e-01
-6.133333333333332860e-01
-6.133333333333332860e-01
-6.133333333333332860e-01
-6.133333333333332860e-01
-6.133333333333332860e-01
-6.133333333333332860e-01
-6.133333333333332860e-01
-6.133333333333332860e-01
-6.133333333333332860e-01
-6.133333333333332860e-01
-6.133333333333332860e-01
-6.133333333333332860e-01
-6.133333333333332860e-01
-6.133333333333332860e-01
-6.133333333333332860e-01
-6.133333333333332860e-01
-6.133333333333332860e-01
-6.133333333333332860e-01
-6.133333333333332860e-01
-6.133333333333332860e-01
-6.133333333333332860e-01
-6.133333333333332860e-01
-6.133333333333332860e-01
-6.133333333333332860e-01
-6.133333333333332860e-01
