-2.008519501585125155e+00 -3.304860246606722285e-01
2.858758730767440692e+00 -1.353611458249911692e+00
-3.063037851762013375e+00 -4.957636464838763857e-01
-1.103990282098660902e+00 -1.565528601531855912e+00
2.211854558965694384e+00 -2.880470232505174977e+00
4.106988722968928585e+00 -2.033242581827909845e-01
2.383799554182411295e+00 2.814728592961831311e+00
3.852108330368765543e+00 3.957987554066040303e-01
3.733693616500706636e+00 -3.034950771258648317e+00
-3.801001731558160124e-01 -4.184123460985665233e+00
6.605544216682848191e-01 -4.229978178116343024e+00
1.792523729997037130e+00 -3.185144844953535781e+00
4.260700786176000676e+00 -1.352013053579158353e+00
4.220870414995527398e+00 4.581428200428026898e+00
4.932190289841826392e+00 -1.852291262904799396e+00
2.128359377064090285e+00 2.754061837116775990e+00
4.879756345613150081e+00 1.676985517743133869e+00
2.338681860210602981e+00 -4.495789680590345228e+00
4.568079054243887605e+00 -3.664310264556474905e+00
-7.369628564878407673e-01 -2.153108599134363033e+00
-2.351410403484627931e+00 -5.523933937540519423e-01
4.991009561409867068e+00 -6.028763360972853036e-01
-6.929137978925008490e-01 4.946798276669274408e+00
4.668555068751130577e+00 2.801013978230884049e+00
4.980086281224273215e+00 -3.275080658804611744e+00
-3.490473158504797446e+00 -1.386343164157480601e+00
-4.934141255406702342e+00 4.747085014537089087e+00
2.332615776521284712e+00 -1.659728003724378453e+00
-3.907843494736840562e+00 4.136895783828556716e+00
-2.252482013314143217e+00 7.701724331375299215e-01
6.530907202410658474e-01 -4.644585955470901695e+00
4.170030602663855390e+00 -3.422616590629580458e+00
-2.091006129837231775e-01 -1.140745745091949814e+00
-3.101781263121854870e+00 2.668480482535038334e-01
-3.711455918862504255e+00 -2.339758296934331128e+00
2.591964987242043605e+00 2.764823566444125191e+00
2.000747879208946145e+00 -4.987675502221868840e+00
1.141252236492251937e+00 1.744279413805607248e+00
4.922381969657856793e+00 2.069802718882414183e-01
4.082832806043144913e+00 2.055051596502568856e+00
5.911789806340337350e-01 -2.829355488611463798e+00
4.646463614782223139e+00 4.693441629579952590e+00
4.745772191377604976e+00 3.208680125646022674e+00
-1.981903762550624171e+00 -4.069716818865504848e+00
1.068837056451747758e+00 -4.785925078579240655e+00
-4.477937634072940654e+00 2.928751295243523955e+00
3.535895605684613585e+00 2.539638575965662781e+00
1.933097713828515918e+00 -4.552462901136919982e-01
7.508933497777818822e-01 -4.140560751118711913e+00
-6.738161019679047570e-01 1.608602727042267588e-01
7.093252283775421940e-01 6.210287054734209278e-01
4.452303772145298488e+00 -4.971751407018199842e+00
9.713624490537546841e-01 3.835641220272556495e+00
1.123833991297622958e+00 4.862985802161272630e-01
9.225492494597541393e-01 2.627348800406487328e+00
9.808203314875618695e-01 3.875148237370506621e+00
-7.781713088542392409e-01 -2.988264813995809455e+00
3.530834929194627048e+00 -2.746815172080137479e+00
-1.053040527773981827e+00 1.904597519083459645e+00
4.695527530072434175e+00 -2.769356874374031108e+00
1.865082975984870162e+00 -4.848761097910537998e+00
3.574632472319873688e+00 1.990451124933507288e+00
4.982124180602006014e+00 -1.336754014053873618e+00
3.516292706783286981e+00 3.994154408559150937e+00
1.815896480650774913e+00 3.844690170827021802e+00
2.441822142609014534e+00 -2.539440974094993919e+00
1.190202357215462081e+00 -2.913429382656170574e+00
3.855526193923943357e+00 1.252093326367331727e+00
2.272061882022135215e+00 1.987421840987934729e+00
2.689737079819082499e+00 -3.249972658661778979e+00
1.320616210430478166e+00 -2.222460510555247737e+00
2.356485327070125368e+00 1.264179899543066199e+00
-3.372355204957685704e+00 -2.536159722554938156e+00
4.325853058088517500e+00 8.662266120310384565e-01
2.156333238562559540e+00 4.628260036957545509e+00
4.176791472616415035e+00 4.742527512182108218e+00
2.831271377658448607e-01 1.497869769130396378e+00
2.357187254290331158e+00 3.027902829875245061e+00
1.508167461652534236e+00 4.974069015802552229e+00
1.572775638479758431e+00 5.183653816317068674e-01
1.121326537581840643e+00 3.504991004846401470e+00
2.127749389410015457e+00 2.906142087824459708e+00
3.088300716534125190e+00 -1.822329836958836324e+00
1.141014490923574654e+00 2.646774462655267612e+00
1.604533204232645449e+00 2.861643281884187928e+00
1.842429172784933789e+00 4.949475782759070519e+00
9.457496236142894919e-01 4.635339366882087475e+00
3.216596352166914308e+00 4.843125893145500349e+00
3.102853421561861502e+00 2.565836454166092295e+00
2.123029048161330756e+00 -1.236141985289673784e+00
3.499659877449061707e+00 3.919209468053255652e+00
3.061044686105008683e+00 8.984934339564176753e-01
2.253628227734295386e+00 2.236000393608520653e+00
3.516430545018550458e+00 2.013014741735497992e+00
2.459407940877946785e+00 2.022537386684422955e+00
3.110364730217102913e+00 1.767954151899466808e+00
1.555694692804276968e+00 9.724354514561568408e-01
2.215498293696889220e+00 4.476649461642814742e+00
2.491351305577791830e+00 1.787792718578629092e+00
2.522341659551227355e+00 4.238675527531604814e+00
1.995206705831021665e+00 9.828565846483279245e-01
2.379710887817504172e+00 1.592559431617871724e+00
2.159209526449751060e+00 8.199847396348332040e-01
2.103253949497758679e+00 1.844763303008708277e+00
2.502810516564520249e+00 -2.486180866844023285e-02
2.771775752133926574e+00 2.154592390242981992e-02
2.895043259292367388e+00 3.195602955642435461e+00
1.447663365538715663e+00 -2.426187138084294759e+00
2.004091922080361687e+00 6.320825681631951909e-01
2.269343879980427747e+00 1.697478563581992006e+00
2.302656852863495640e+00 1.222778668493287313e+00
2.621238255388696370e+00 4.535621677122833262e+00
2.928355514223495160e+00 1.681089895543138368e+00
2.512875714031950647e+00 1.144999870796475250e+00
2.858727679370119290e+00 2.019521140405434068e+00
4.035221038488121081e+00 4.938813732564238279e+00
2.478280591847989101e+00 2.382755174167126455e+00
2.371413265043012419e+00 1.613126524817747764e+00
2.354577186345675699e+00 2.807986099692161730e+00
2.222891232025925756e+00 4.970967488425428904e+00
2.312822714193077278e+00 4.444316091292755289e+00
2.399226554530480726e+00 3.899206310618158255e+00
2.563993591410331785e+00 2.527762416057214523e+00
2.385502801418764474e+00 1.470652487513188333e+00
2.597600151267482449e+00 4.481680411889858107e+00
2.693799947852808518e+00 3.973674072465183116e+00
2.329461489826619491e+00 1.024343992171342421e+00
2.862805643696885838e+00 3.780310081364177677e+00
2.719184393060195770e+00 2.909688588976536039e+00
2.782299293193544187e+00 2.110844408647377435e+00
2.688186770693885563e+00 5.669115651051903626e-01
2.551669572561635402e+00 3.157174574340100293e+00
2.648289152941078139e+00 2.094394632881872553e+00
2.582430020777326085e+00 2.399044624267059334e+00
2.551390871792045711e+00 3.277720881720476598e+00
2.531236407625598872e+00 3.176323937176796619e+00
2.637102708039551047e+00 3.687784215378396624e+00
2.675776575934242008e+00 2.365911817998810562e+00
2.351536453171769292e+00 2.148023498805290643e+00
2.505911590785214305e+00 2.946246369088243000e+00
2.583489918265124086e+00 2.918208771035235571e+00
2.496961302136312622e+00 2.705691600616546566e+00
2.634210908139723806e+00 3.306462627450567737e+00
2.580889330911943613e+00 3.250079141729454335e+00
2.510642758207575209e+00 3.383128192319741601e+00
2.524018945451909079e+00 2.858053295105840164e+00
2.573321271146594924e+00 3.134541557837081882e+00
2.631108726460243297e+00 1.896244091269085885e+00
2.579294932251015471e+00 2.505145171527921377e+00
2.560904151540984497e+00 3.454984138291465001e+00
2.450195051801972390e+00 2.628901845096244472e+00
2.637142905212250810e+00 3.553780270316241996e+00
2.507399069400415570e+00 3.222443778943638648e+00
2.526684564513348441e+00 3.057394672943360092e+00
2.521947384986988894e+00 2.714473231970082168e+00
2.481922955180012824e+00 2.625409991524254139e+00
2.515158627353508702e+00 3.149773156311255207e+00
2.527379514546914674e+00 3.063576258416517817e+00
2.494686361217101300e+00 3.247471526595365532e+00
2.559580170482489869e+00 2.771239315130291203e+00
2.524318702689323679e+00 3.512948221736643006e+00
2.540687619878737813e+00 2.659598701089016970e+00
2.533258002765254258e+00 3.061806757253737743e+00
2.514311897051110023e+00 3.008322929503041365e+00
2.516208947584057665e+00 3.375669284151538108e+00
2.537327942057712171e+00 2.676312814902058079e+00
2.481479872590726554e+00 2.735588992672226993e+00
2.532788483717355099e+00 3.435714093293587013e+00
2.520630531107240557e+00 3.183131263119346244e+00
2.519659973016656895e+00 3.022916765013583529e+00
2.511014436208258704e+00 3.374736186827085760e+00
2.517774879777032737e+00 3.209145386772366493e+00
2.509267941511157840e+00 3.219451482861302338e+00
2.548678230438040870e+00 3.080294592052911895e+00
2.511400069509805100e+00 3.128655291397461014e+00
2.486901828939480197e+00 3.118673325923275286e+00
2.527374685877877614e+00 3.231141150244948079e+00
2.515111496590659357e+00 3.214828167308951379e+00
2.531364980905649098e+00 3.310228576825647195e+00
2.520607885169524831e+00 3.262363244940999607e+00
2.525659220026111651e+00 3.148618357734367379e+00
2.514952802194232895e+00 3.207861625822115315e+00
2.524848149344675274e+00 3.051945082018857391e+00
2.519239462784823136e+00 3.204304829060088622e+00
2.520429817160768415e+00 3.207703014652008022e+00
2.529568902571762479e+00 3.224873094942704910e+00
2.531146788062982100e+00 3.196761406179305709e+00
2.512759837141674168e+00 3.230402810515116130e+00
2.508846210081886241e+00 3.248299459835845227e+00
2.525969632566070544e+00 3.152861801545650877e+00
2.525384651230999200e+00 3.154441537322362876e+00
2.518479740310052506e+00 3.188260803799781939e+00
2.522893569442099082e+00 3.306169176732367987e+00
2.522402007490730291e+00 3.146113248154208009e+00
2.523136578107140426e+00 3.187407520404470063e+00
2.543091818983191033e+00 3.147215909575812987e+00
2.526400913949069071e+00 3.161466048189392808e+00
2.530699805730638463e+00 3.163859378832530211e+00
2.532253618640123438e+00 3.179928890978473532e+00
2.530364165121285147e+00 3.240667908086649618e+00
2.525528165551854443e+00 3.357697635562249872e+00
2.513663433801645031e+00 3.210410106895533744e+00
2.510482681280577388e+00 3.317399204136279423e+00
2.522786875991204436e+00 3.256773989298704208e+00
2.520429436829662695e+00 3.174387686047644763e+00
2.534946853163115410e+00 3.261901215062145809e+00
2.530573425474506699e+00 3.023386748129826884e+00
2.526947384377602912e+00 3.232081400326915599e+00
2.533769279523123252e+00 3.263404838241129369e+00
2.518508927867232128e+00 3.164694203649812465e+00
2.517308169787405792e+00 3.235956508396736098e+00
2.527172361526754951e+00 3.209018886598730802e+00
2.530442670500522961e+00 3.146778439189638732e+00
2.527749370204332990e+00 3.306222259495427807e+00
2.524741752877714962e+00 3.220011869308404329e+00
2.523616036979231314e+00 3.195847002301007933e+00
2.522299065219896441e+00 3.223744873910753483e+00
2.510601074565734336e+00 3.160868586068545483e+00
2.525547987651207915e+00 3.224358576755992800e+00
2.519973567799326908e+00 3.289913066633271654e+00
2.524814131857151533e+00 3.203132192126062705e+00
2.514691897562455924e+00 3.226846961095482413e+00
2.521624800287139312e+00 3.267170864199581359e+00
2.508537969419631253e+00 3.231609493298265079e+00
2.518166756426464925e+00 3.203461403803757435e+00
2.522328573356481751e+00 3.189846952810913905e+00
2.520569180245231244e+00 3.164040781311133088e+00
2.515374954639462146e+00 3.203792341049208403e+00
2.517629611181583016e+00 3.252057151340544294e+00
