2.023500840025824754e+00 -3.362146617454870423e+00
-1.387227353106123218e+00 -2.620891608355960578e+00
2.812888393916233909e+00 -1.244465578496937841e+00
1.471900059073639078e+00 1.695837118340040028e+00
4.871735288987651735e+00 -3.878598786683882693e+00
4.558404809584275519e-01 -1.685745760113750213e+00
4.188153946470064781e+00 2.982418890616678642e+00
-1.784529014291940108e-01 6.723727641304505509e-02
4.245088026101774936e+00 4.699560425733940505e+00
-8.009436663067792672e-01 4.578301822111543018e+00
9.261817709202671001e-01 -3.437282379218373762e+00
1.087589079841368100e+00 3.514156273633255445e+00
-1.184157852562434776e+00 4.635319384238720808e-01
6.387127915602144324e-01 -3.840719057303267903e-01
-2.244216886147980095e+00 4.910710335517767255e+00
3.598907245139277400e+00 -4.150590804650574839e+00
-4.554539562088164573e+00 4.236274453135235873e+00
1.357933684320973833e-01 2.200565413558987160e+00
1.348730737949480840e+00 -4.293745078725320852e+00
3.633823795642418197e+00 -2.722439360051965185e+00
-1.681961633056721972e+00 -9.188818885087943755e-01
3.358986024894037747e+00 -4.684076584771027285e+00
-2.546615564794734166e+00 -4.132397228167087100e+00
3.359879548765986712e+00 2.277316372870776817e+00
3.426012591515980255e+00 2.301596016992203175e+00
4.297404667749678886e+00 -3.701279423796784762e+00
4.998779717743781603e+00 -3.842042360236720633e+00
3.816206347817025168e+00 -3.451505804603135275e+00
2.275236717990332558e+00 -3.874888643094015706e+00
3.590107204268468966e+00 4.976276082029143843e+00
8.136264968229398598e-01 2.536966559721266279e+00
4.498650590917496750e+00 2.388576290292681037e+00
7.701718098581533667e-01 3.893261805858804880e+00
1.750415370427945039e+00 -3.639515738518461774e+00
3.703565257299009872e+00 3.397636821708204025e+00
3.044970701038595351e+00 -2.894980107031386751e+00
4.773916088390094181e+00 -4.764395765535371474e+00
-1.071852908769530544e+00 -8.459453201926088184e-01
2.368761574807725534e+00 -1.540165833949014740e+00
1.189328875344212610e+00 -1.317930388599396707e+00
1.109627390446819017e+00 -3.862827369548609724e+00
4.999479786755315125e+00 -3.021334465233032063e+00
2.265151450859351101e+00 -3.841564305710676308e+00
3.141363252638530223e+00 -3.566386527904562342e+00
9.863848077583887708e-01 -4.907742090112290789e+00
3.348563883859582813e+00 -2.780543685135814513e+00
-3.778861421737281123e+00 -3.219085524261144471e+00
-1.378321273928615032e+00 -4.258011682113126639e+00
4.053091407453656814e+00 3.197314489257825798e+00
2.232651596333274924e+00 3.099023585469041109e+00
-6.547672639341182155e-01 1.635630702160959515e+00
1.910550211596064640e+00 -3.181305275271542499e+00
3.673604945665705834e+00 -1.939834898841262145e+00
3.780018094391395245e-01 1.201563955758919278e+00
1.159314565342237202e+00 -1.345391901485903929e-01
2.000570944471585122e+00 -4.177940333430630204e+00
4.999999963796543767e+00 -5.702022331989624604e-01
-3.070408377731585148e+00 1.098503155742353243e+00
2.602749380848925043e+00 -4.990504430138691383e+00
1.043796109727715304e+00 1.050579776430049961e+00
3.567581289548741541e+00 -3.526543001445464398e+00
4.011355387031041886e+00 -4.238098118486792742e+00
4.951610286964509555e-01 -4.999957306119301670e+00
3.750995492117832786e+00 3.604428052015293815e+00
4.878335856776612189e+00 3.724884521818346172e+00
4.051024359158667210e+00 -2.321509394386346514e+00
-1.847910027334139116e+00 1.364998077905088536e+00
-2.234996375759212839e+00 -2.495434367065850978e+00
1.716211348034551776e+00 -3.431548454736859100e+00
4.947921410329120029e+00 -4.958786510322804375e+00
-4.186221360747381937e-01 -3.115953256776928804e+00
1.378895541840504890e+00 -3.004044086188780938e+00
2.734456060326231785e+00 2.479708724580415691e+00
3.518997048098841507e+00 1.820692655194495302e+00
4.448123707978727026e+00 -1.888691961696482124e+00
1.665160800020393239e+00 2.475491915991037573e+00
2.770791110284040570e+00 -3.792414359143524649e+00
4.737710300110936856e+00 -2.553442815532626753e+00
-1.080025383806130890e+00 -3.650321424400303272e+00
1.780904323671078870e+00 1.297607292627255049e+00
4.095165706401683536e+00 3.181690336375091022e+00
4.414083768004353203e-01 -1.080574819468008485e+00
2.762776011353524908e+00 4.822314736593432904e+00
7.501277982455096804e-01 -3.127640578887955769e-01
2.030598598976117941e+00 2.545191383939393148e+00
2.494803776986973531e+00 4.412348372479293346e+00
3.073723803971495805e+00 3.617888313882591689e+00
1.206171726807070854e+00 4.335188815617001978e+00
3.125742349957150168e+00 3.724559564976667847e+00
4.009061745651026243e+00 -4.755850458216919208e-01
3.491574545356356918e+00 3.108957055697263883e+00
4.215014823177012815e+00 4.997329537582128722e+00
2.136333410497277541e+00 2.710296492446097716e+00
7.129267182456562324e-01 3.221511629161042833e+00
2.856070447009780189e+00 4.315093804094566110e+00
1.716597272856672518e+00 1.236654816870313311e+00
1.353933493088133488e+00 2.109764653707616233e+00
1.295227582395202859e+00 4.709379231737890414e+00
2.839775027353020675e+00 4.999967622643458398e+00
2.223198597420731559e+00 1.396540007046276344e-01
2.484914575484500787e+00 -1.669783959138978702e+00
1.892062132491954429e+00 3.540767409000157073e+00
2.677093702837783695e+00 8.288770613199023529e-01
1.955485955232589390e+00 2.657637533674915176e+00
1.756442162311559585e+00 4.952427947320204638e+00
2.692003413221601527e+00 4.999182891916770899e+00
1.985559732951518441e+00 3.977077013397732230e+00
2.731640665567281800e+00 4.185837190818750386e+00
1.771910816050382920e+00 3.271707131431526250e+00
1.465978344592523186e+00 2.318717080883129000e+00
1.287089260594163065e+00 4.938503303362733909e+00
2.304786182441345588e+00 4.082324501913163317e+00
3.205455322382327665e+00 3.916197073010890595e+00
1.933436683126338096e+00 2.287123437812326188e+00
1.949120257096645048e+00 4.794160118560718331e+00
2.488836297887068838e+00 3.560764299085807494e+00
3.747797121990110281e+00 -2.239115538338065647e-01
2.549713383911655029e+00 4.994100747675982888e+00
2.346922606933198097e+00 1.935831228282719252e+00
2.339718051455761838e+00 3.264482157167758913e+00
1.920571731533108562e+00 1.053853653377139210e+00
2.425818114785933233e+00 4.108602447166326499e+00
2.323720760840529920e+00 4.064863037922272326e+00
1.802793795264046040e+00 4.625799168851177257e+00
2.156010828470368068e+00 3.719530784322156336e+00
3.803158516785437815e+00 2.905439006371899779e+00
1.894190101967465623e+00 4.136161828335366053e+00
1.911235834752668339e+00 4.942767850235781246e+00
1.760605692778556275e+00 2.688799027144820997e+00
2.464372825194731220e+00 4.536354652770745233e+00
2.097945732549270303e+00 4.999571532887538083e+00
2.111295748075320944e+00 4.999356077775077623e+00
2.168465531290197035e+00 4.879908288320649490e+00
1.757656939607748825e+00 4.080759866840601546e+00
1.395474174643648979e+00 3.112613198942472792e+00
1.957142165311168469e+00 2.857246121288735452e+00
2.342792153658553644e+00 4.747490952356943517e+00
1.686415728077164999e+00 2.628423499888228321e+00
2.236300533856139694e+00 3.183905602312080418e+00
1.722466571362735621e+00 3.059220575955247767e+00
1.738012790428598464e+00 4.911034948771537678e+00
1.891732750286802656e+00 3.723341351148278022e+00
1.957780552988545253e+00 4.544131125560515017e+00
1.846573582228341337e+00 4.716928230501634900e+00
1.718071601507134005e+00 3.594690791903673244e+00
1.972450599110414871e+00 4.162100127265468075e+00
1.921472025675603490e+00 3.395787335350949121e+00
1.973250520354490334e+00 2.912246615630557756e+00
1.538508420564014045e+00 3.702971175224764266e+00
1.873436727562273418e+00 4.127095893694878725e+00
1.725521326513252518e+00 3.816580951261098420e+00
1.739353178224867236e+00 3.564769499531710295e+00
1.598827114752317868e+00 4.183409870608898018e+00
1.533029948412726995e+00 2.645755964836578045e+00
1.725547270241225561e+00 3.394945744979512625e+00
1.744854419221974595e+00 3.200667281703175604e+00
1.719696162528846273e+00 3.294849370459466797e+00
1.671733629456694459e+00 4.191078171263143304e+00
1.752544629772190277e+00 3.576234346044468992e+00
1.644893452351958274e+00 3.289754170478957462e+00
1.742890643983328047e+00 3.810533157454909059e+00
1.835677231092303074e+00 4.220039472233203526e+00
1.702257861819090223e+00 3.596978772148386128e+00
1.746908136610215934e+00 3.489975191577826763e+00
1.742005768846102143e+00 3.617535475047883864e+00
1.697583152427162290e+00 3.650558977678045380e+00
1.635856752923297464e+00 3.340179069440491588e+00
1.680131238411608052e+00 3.490677916946204107e+00
1.723336637599718557e+00 3.614830172979502265e+00
1.713438632901487679e+00 3.675081219814703815e+00
1.717527306038153512e+00 3.486930680467168031e+00
1.692454008705670532e+00 3.623781480060280558e+00
1.721346644020412597e+00 3.876041598977916891e+00
1.746985796088377896e+00 3.610771147274871140e+00
1.757648332153129545e+00 3.657249337666364397e+00
1.710743450892149298e+00 3.876375782722718100e+00
1.707611113984995654e+00 3.655226438538800693e+00
1.698794203494106370e+00 3.763643947705382686e+00
1.766450177044340819e+00 3.558261655714488825e+00
1.729150355627895763e+00 3.735612108302252210e+00
1.744986403212063664e+00 4.135602738820661983e+00
1.765689648875577333e+00 3.683462245889007391e+00
1.707662414879782986e+00 3.506945565138700260e+00
1.738513773365562898e+00 3.743372362415112065e+00
1.775062743262083131e+00 4.035466288490646036e+00
1.788740140672480550e+00 3.751760797996713137e+00
1.617096246784655023e+00 3.863510884533884138e+00
1.756470517905956541e+00 4.660178478871429775e+00
1.773376589707618578e+00 3.836294039593919791e+00
1.710807109278180249e+00 3.082153206109001786e+00
1.764101629719762698e+00 4.060393953015186241e+00
1.801271016683617887e+00 3.682255091339676767e+00
1.817348544291123247e+00 4.018305430388853239e+00
1.828153428062440966e+00 4.217894873282613588e+00
1.695929414407258307e+00 3.352806395331491274e+00
1.739771538302321119e+00 4.821597537610948336e+00
1.792970551915450628e+00 4.999095820380933475e+00
1.830766387715270227e+00 4.499531488668448986e+00
1.694062653370353999e+00 3.934263342273943920e+00
1.882982800713891791e+00 4.541888692267857408e+00
1.779807222156829738e+00 3.284638570479483377e+00
1.658135450278674483e+00 3.825140254734169076e+00
1.885981059413522232e+00 4.562510557072005923e+00
1.935868954992155722e+00 4.471989852850370539e+00
1.621666367773078932e+00 4.482208796782494176e+00
1.769755422686687396e+00 4.522747034912335096e+00
1.670087411814407119e+00 3.703674043182541453e+00
1.651508988282618162e+00 3.775587192399811443e+00
1.698818853934584538e+00 3.671694784098193054e+00
1.525151479009435818e+00 4.352440193471927898e+00
1.778631810957731929e+00 4.369589996447722058e+00
1.610325980238837218e+00 3.579949533837286424e+00
1.604878814929406872e+00 4.503058802248734338e+00
1.675706632388520134e+00 4.121162346729224879e+00
1.652564323099678489e+00 3.619407223384186523e+00
1.654572704030936592e+00 3.739826747728404399e+00
1.761119354927917158e+00 4.578957487168029417e+00
1.626261223367016839e+00 4.267805212441714957e+00
1.596467568042278629e+00 4.115092170089567958e+00
1.634532820329138048e+00 3.762769673432138973e+00
1.697133131999423838e+00 4.100047582296692639e+00
1.631920196059471806e+00 3.995019494658976100e+00
1.773820927702855599e+00 4.996472738546753334e+00
1.730866970258544413e+00 4.620474316024488104e+00
1.692310578798926102e+00 3.864544570063110029e+00
1.807830866773354472e+00 4.987100742584034130e+00
1.785895568774520825e+00 3.993632054355025218e+00
1.699968667082707441e+00 3.615239088542473667e+00
1.844761827794602738e+00 4.657492319631728606e+00
1.696499552124798527e+00 4.379324999259669227e+00
1.681854925151702318e+00 4.995065058674824421e+00
1.654565761195726736e+00 4.516796633008588913e+00
1.608208919484200194e+00 4.800737089374242039e+00
1.530994224909187906e+00 3.548709922270639083e+00
1.451351202800182705e+00 4.031331370918707080e+00
1.636730731377689096e+00 4.399752664304550365e+00
1.626217574565941959e+00 4.405508394195827293e+00
1.532632087312341795e+00 4.172750058993706546e+00
1.741428298531012331e+00 4.536981134876750588e+00
1.678099251590488450e+00 4.158334632928333718e+00
1.514174427791880717e+00 4.892967870892652726e+00
1.290438771443215060e+00 4.271110509703781588e+00
1.506669335284152922e+00 4.377793005258610037e+00
1.404649233149063647e+00 3.445915703979281375e+00
1.819466563002384518e+00 4.899751284354428194e+00
1.148245908343193733e+00 2.765836478010669452e+00
1.246871823134686252e+00 3.548749636197207735e+00
1.699258415442704617e+00 4.915348123147862403e+00
1.386172138930016118e+00 3.746641155082173213e+00
1.282499685915654553e+00 4.612497579862729680e+00
1.570095184637375851e+00 4.374734269501381334e+00
1.494765786511758066e+00 4.382811518447617516e+00
1.499271217653372901e+00 4.948301978277998892e+00
1.841732373231547371e+00 4.917029272783478788e+00
1.740798515786480039e+00 4.446221926055262230e+00
1.786345360126594173e+00 4.357026707794990017e+00
1.689796093646826591e+00 4.990012007283918472e+00
1.545673046070467294e+00 4.821025343326835078e+00
1.590591249515606265e+00 4.554733680494802428e+00
1.502301235346211072e+00 4.999967048583219942e+00
1.426533055377669612e+00 3.596024051711804503e+00
1.579737121407477574e+00 4.951120473318401771e+00
1.593548123581069120e+00 4.734812351812702325e+00
1.604660815479681091e+00 4.987073575547541715e+00
1.327116276559221930e+00 4.685369654126091632e+00
1.546129640033322872e+00 3.815449308199877265e+00
1.486552796416177102e+00 3.789316685517977845e+00
1.439607113909907810e+00 3.778386040448879157e+00
1.559240661076906065e+00 4.997310366396751746e+00
1.258738478752254863e+00 4.087910652998289152e+00
1.534201295747884330e+00 4.121155893339892629e+00
1.502173156530323794e+00 3.725287380997563957e+00
1.623984667765837386e+00 4.197306842200173804e+00
1.386076676009352582e+00 4.070840956519358400e+00
1.466795160516712215e+00 4.660147688943098387e+00
1.337499723683242436e+00 2.858961114474190879e+00
1.389419719668198994e+00 3.908210567250353762e+00
1.569178024699688478e+00 4.943430049355688638e+00
1.472781369189377187e+00 3.592625388450787938e+00
1.318337963138246138e+00 3.617882976400672135e+00
1.443208328837560117e+00 4.611503422903766136e+00
1.514422380554080405e+00 4.893682081270247508e+00
1.439083135916487066e+00 3.360695768534558425e+00
1.555158476179922644e+00 4.958410922410988242e+00
1.425475093401844973e+00 3.682831006360927972e+00
1.534857478077036319e+00 4.256753235995510920e+00
1.438205019324733769e+00 4.447214538971849151e+00
1.345645835678698887e+00 3.491905456550323805e+00
1.321938930133372381e+00 3.236561652215282692e+00
1.421831247940382070e+00 2.774783357967454123e+00
1.454543720913514804e+00 3.893876119556406223e+00
1.422121519236462461e+00 3.632818175423413010e+00
1.390711268818453306e+00 2.878980993352509898e+00
1.440580761588352132e+00 3.513044182490578038e+00
1.459423317297355638e+00 3.648089179080944433e+00
1.468632491460443390e+00 3.199906252102440618e+00
1.377643022102933656e+00 3.641900810577215708e+00
1.441823775163975085e+00 3.750516539846152853e+00
1.480826547571849616e+00 3.987162898124008592e+00
1.474558605359925778e+00 3.793052824508251319e+00
1.456121978519250959e+00 4.346310625007351547e+00
1.462830978395032844e+00 3.262998839539683615e+00
1.418598805643298988e+00 2.674928844296299957e+00
1.434518000366269419e+00 3.953156550915842615e+00
1.510462071510675131e+00 3.448482205293949221e+00
1.480553376042104574e+00 3.991337409776718914e+00
1.436161129229871491e+00 3.566985994843946628e+00
1.424741739204884894e+00 4.677515982732632693e+00
1.477693330513364600e+00 4.063475164148783847e+00
1.465667094939758996e+00 3.826400962056091259e+00
1.454895177374099902e+00 3.601646547033048762e+00
1.476278931642637460e+00 3.545542584025163535e+00
1.438576492037171306e+00 3.626579118471038754e+00
1.493068852387464673e+00 3.680623450125253271e+00
1.446853634808018541e+00 3.402640759512713942e+00
1.471783367938495957e+00 3.776617238535813215e+00
1.457919582185910556e+00 4.447154260592128594e+00
1.477385504664498583e+00 4.236210854912670243e+00
1.427940496954184013e+00 3.698767853102083336e+00
1.475653852616980899e+00 3.671453100714526130e+00
1.435193196995559362e+00 3.411677224691420207e+00
1.444125583435992510e+00 3.477802803218914107e+00
1.443930643972741734e+00 3.150244865106554215e+00
1.443966631482835439e+00 3.954268697391754017e+00
1.443685702587101716e+00 3.817998269680259682e+00
1.450612858113105474e+00 3.650755519835545471e+00
1.451833105995596895e+00 3.655156225895993316e+00
1.431568047012421019e+00 3.683210587629577759e+00
1.457431672729958549e+00 3.648590192173795543e+00
1.435836406764106954e+00 3.579917778700146158e+00
1.432878015909427205e+00 3.696258782583743852e+00
1.447913566330166546e+00 3.673478654745565564e+00
1.435235623807328054e+00 3.713544727634609188e+00
1.475802861621422934e+00 4.067029783176067781e+00
1.447543643074384434e+00 3.840754659652834135e+00
1.448873596974745936e+00 3.641348896397751389e+00
1.440330724001999130e+00 3.734684243856836616e+00
1.439806613879616393e+00 3.758313354207754031e+00
1.429629820116060657e+00 3.615730832153701613e+00
1.425744678735325621e+00 3.702953769847034948e+00
1.431016794803255721e+00 3.632004457467516545e+00
1.417089702714809718e+00 3.413336727470895227e+00
1.431539363636728623e+00 3.756648365174893200e+00
1.450287752763630422e+00 3.756468537652384754e+00
1.439032792313373221e+00 3.631970325559134238e+00
1.443000740646223079e+00 3.863115695073943812e+00
1.444692064949355981e+00 3.768576610579209785e+00
1.425718946947794663e+00 3.649215696506168172e+00
1.437681857394620621e+00 3.751146986028178532e+00
1.430980510476979717e+00 3.743423013799816346e+00
1.441207042567851815e+00 3.940576070786818264e+00
1.436735744897276845e+00 3.674630786665602500e+00
1.435328273625280815e+00 3.745332289635655343e+00
1.434653339784702553e+00 3.742472838105086907e+00
1.441985507261488664e+00 3.764539849238627056e+00
1.435749476845908035e+00 3.823727411190716907e+00
1.432115923824232695e+00 3.679675261497717287e+00
1.431524937246848594e+00 3.809310004656076387e+00
1.437435604613465756e+00 3.740411994289782882e+00
1.437297588008279448e+00 3.798280375937693520e+00
1.436213323738961378e+00 3.805765818148515223e+00
1.442661133865991374e+00 3.677230417749022706e+00
1.439178570135082325e+00 3.781965852545610574e+00
1.442898681000851724e+00 3.785903510153037388e+00
1.437709356935611638e+00 3.734621598122181751e+00
1.445284856355153025e+00 3.795893806230793643e+00
1.437081948886268279e+00 3.822512808715689658e+00
1.436347462900419814e+00 3.820740605909559662e+00
1.440195378708514440e+00 3.782857924940874028e+00
1.436314702733254123e+00 3.754341157222441439e+00
1.438280416334579925e+00 3.782723961243956268e+00
1.439044796549277194e+00 3.783540779452902569e+00
1.434437084860864076e+00 3.827407841923303522e+00
1.441665887917999100e+00 3.767868250181653167e+00
1.438190786220205908e+00 3.746908971766824692e+00
1.433864174261904267e+00 3.878586543460965430e+00
1.435353657557662643e+00 3.742449680521342970e+00
1.436503008489784960e+00 3.820295248310497271e+00
1.436788429239342690e+00 3.804154566247543556e+00
