2.500000000000000000e+00 -4.179999999999999716e+00
5.000000000000000000e+00 -4.179999999999999716e+00
2.500000000000000000e+00 -1.679999999999999716e+00
0.000000000000000000e+00 -4.179999999999999716e+00
1.871257485029940160e+00 -5.000000000000000000e+00
-1.859945092172749170e+00 -2.104312396872264124e+00
2.246024771802014541e+00 -2.929699258061760681e+00
5.000000000000000000e+00 -1.336930402783637506e+00
5.000000000000000000e+00 -1.664919286291365985e+00
4.918335610511778810e+00 -1.963396037870002164e+00
4.664649295792802519e+00 -2.172201596593085426e+00
4.436375500993129606e+00 -2.360332906496908301e+00
4.230978808871863173e+00 -2.529875617725810155e+00
3.501555871768539330e+00 -3.701052467524452272e+00
5.000000000000000000e+00 -2.790955955158355817e+00
3.190370718530226579e+00 -1.789108514942447492e+00
3.199850171343038063e+00 -1.983964811244228743e+00
3.194801064589262385e+00 -2.959512737849119723e+00
2.090841735431580251e+00 -3.637438801005002720e+00
3.236180600323405265e+00 -3.372846104497000397e+00
4.140039949214483705e+00 -4.650108404164317477e+00
3.249707313283556775e+00 -4.699226430547862599e+00
2.647979784904287204e+00 -5.000000000000000000e+00
2.914293607508293693e+00 -3.835560638096156438e+00
3.617699711689210673e+00 -4.202157691323745503e+00
3.266391696517705778e+00 -4.358438736551616621e+00
3.285891901827564521e+00 -5.000000000000000000e+00
3.795562821519004260e+00 -4.431712248379763963e+00
3.463181182286898974e+00 -4.451924487931530727e+00
2.762098324619552514e+00 -4.767643582051996454e+00
2.871663571300897111e+00 -4.468007682541301762e+00
3.097963541767750684e+00 -4.571997127780722536e+00
3.597281054318510751e+00 -4.788875048640779397e+00
3.340699546180159185e+00 -4.567447039874326542e+00
3.012882128237875712e+00 -4.867893645993368601e+00
3.511374960291599123e+00 -4.697429555570524329e+00
3.014368212541052472e+00 -4.708102720467413072e+00
3.311456917445747550e+00 -4.901987974936259818e+00
3.290654090789926656e+00 -4.726488724635117933e+00
3.265033533581032099e+00 -4.725445047094443574e+00
3.270696580945955390e+00 -4.688955761455210869e+00
3.388005031820620516e+00 -4.684645919545903148e+00
3.613357396005874911e+00 -4.613192513824206920e+00
3.590670613937777755e+00 -4.619861844466018219e+00
3.570256223996370437e+00 -4.625879792030143101e+00
3.551887257370245798e+00 -4.631312351026743102e+00
3.535359445735369643e+00 -4.636218882269800723e+00
3.520488947721254647e+00 -4.640652760627332007e+00
3.507110302109541777e+00 -4.644661957102885097e+00
3.443138969205217670e+00 -4.585924478583748964e+00
3.365923945016973562e+00 -4.655502174582765385e+00
3.424943714712101794e+00 -4.768456505927039402e+00
3.470363886828256028e+00 -4.688088354044802841e+00
3.363818614104550964e+00 -4.754780294814926478e+00
3.321272448524126730e+00 -4.682443380634569330e+00
3.404760656845521538e+00 -4.726609372879819304e+00
3.389564198104239701e+00 -4.708265485487252100e+00
3.435808737125757073e+00 -4.675479843167798855e+00
3.423295767761876274e+00 -4.710600206790016564e+00
3.404920320453967086e+00 -4.702413176224516711e+00
3.412268687577451942e+00 -4.658754396278681931e+00
3.358935407693103059e+00 -4.697868048231721438e+00
3.400060258539445712e+00 -4.679652832138668117e+00
3.384305060970823842e+00 -4.659044250929868625e+00
3.397292848775225416e+00 -4.705993893324622590e+00
