-7.900000000000000355e-01
-5.500000000000000444e-01
-7.900000000000000355e-01
-7.700000000000000178e-01
-7.900000000000000355e-01
-7.824999999999999734e-01
-9.500000000000000111e-02
-7.700000000000000178e-01
-7.700000000000000178e-01
-7.700000000000000178e-01
-7.850000000000000311e-01
-7.874999999999999778e-01
-7.824999999999999734e-01
-7.824999999999999734e-01
-7.800000000000000266e-01
-7.900000000000000355e-01
-7.900000000000000355e-01
-8.024999999999999911e-01
-5.500000000000000444e-01
-7.199999999999999734e-01
-8.175000000000000044e-01
-7.874999999999999778e-01
-8.074999999999999956e-01
-7.874999999999999778e-01
-8.100000000000000533e-01
-8.074999999999999956e-01
-8.175000000000000044e-01
-8.125000000000000000e-01
-8.024999999999999911e-01
-8.175000000000000044e-01
-8.175000000000000044e-01
-8.000000000000000444e-01
-8.175000000000000044e-01
-8.175000000000000044e-01
