-7.874999999999999778e-01
-8.000000000000000444e-01
-7.800000000000000266e-01
-7.574999999999999512e-01
-8.000000000000000444e-01
-7.375000000000000444e-01
-7.574999999999999512e-01
-7.475000000000000533e-01
-7.800000000000000266e-01
-8.199999999999999512e-01
-1.049999999999999961e-01
-5.825000000000000178e-01
-7.950000000000000400e-01
-1.049999999999999961e-01
-5.825000000000000178e-01
-7.650000000000000133e-01
-5.825000000000000178e-01
-7.199999999999999734e-01
-7.524999999999999467e-01
-7.375000000000000444e-01
-7.650000000000000133e-01
-7.650000000000000133e-01
-7.650000000000000133e-01
-7.750000000000000222e-01
-8.149999999999999467e-01
-8.149999999999999467e-01
-8.199999999999999512e-01
-8.149999999999999467e-01
-7.800000000000000266e-01
-8.149999999999999467e-01
-7.624999999999999556e-01
-7.800000000000000266e-01
-8.199999999999999512e-01
-7.624999999999999556e-01
-8.149999999999999467e-01
-8.199999999999999512e-01
-8.199999999999999512e-01
-8.199999999999999512e-01
-8.149999999999999467e-01
-8.199999999999999512e-01
-8.000000000000000444e-01
-8.000000000000000444e-01
-8.199999999999999512e-01
-8.199999999999999512e-01
-1.049999999999999961e-01
-8.199999999999999512e-01
-8.199999999999999512e-01
-8.199999999999999512e-01
-8.199999999999999512e-01
-7.700000000000000178e-01
-8.199999999999999512e-01
-8.199999999999999512e-01
-8.199999999999999512e-01
-8.199999999999999512e-01
-8.199999999999999512e-01
-8.199999999999999512e-01
-8.199999999999999512e-01
-8.199999999999999512e-01
-8.199999999999999512e-01
-8.199999999999999512e-01
-8.149999999999999467e-01
-7.650000000000000133e-01
-8.149999999999999467e-01
-8.199999999999999512e-01
-7.700000000000000178e-01
-8.000000000000000444e-01
-8.199999999999999512e-01
-8.199999999999999512e-01
-8.199999999999999512e-01
-8.199999999999999512e-01
-8.199999999999999512e-01
-8.199999999999999512e-01
-8.199999999999999512e-01
-8.199999999999999512e-01
-8.199999999999999512e-01
-8.199999999999999512e-01
-8.199999999999999512e-01
-8.199999999999999512e-01
-8.199999999999999512e-01
-8.199999999999999512e-01
-8.199999999999999512e-01
-8.199999999999999512e-01
-8.199999999999999512e-01
-8.199999999999999512e-01
-8.199999999999999512e-01
-8.199999999999999512e-01
-8.199999999999999512e-01
-8.199999999999999512e-01
-8.199999999999999512e-01
-8.199999999999999512e-01
-8.199999999999999512e-01
-8.199999999999999512e-01
-8.199999999999999512e-01
-8.199999999999999512e-01
-8.199999999999999512e-01
-8.199999999999999512e-01
-8.199999999999999512e-01
-8.199999999999999512e-01
-8.199999999999999512e-01
-8.199999999999999512e-01
