0.000000000000000000e+00 -2.000000000000000000e+00
2.500000000000000000e+00 -2.000000000000000000e+00
0.000000000000000000e+00 5.000000000000000000e-01
-2.500000000000000000e+00 -2.000000000000000000e+00
0.000000000000000000e+00 -4.500000000000000000e+00
5.000000000000000000e+00 -1.847266654057524216e+00
4.537422172240094476e+00 -5.000000000000000000e+00
4.152335508659103169e+00 1.697605626187701056e+00
3.923977938035751123e+00 1.355340792225332880e+00
3.720186418708238740e+00 1.045131418112279054e+00
1.717312167836240189e+00 8.468158887411827429e-01
2.463411717921024646e+00 -5.310031374531893889e-01
1.508683125919048740e+00 -1.368797951265883661e+00
6.931791872416674938e-01 3.007915085885728868e+00
1.526053422949467331e+00 4.271632052824845815e-01
9.367936084789949547e-01 2.619710883072171370e+00
1.976085183622990904e-01 1.701167796645455477e+00
3.227885055708951789e+00 1.271194028945071164e+00
3.025287335368274988e+00 3.144982786235406280e-01
1.687214271416625166e+00 2.117392367665452024e+00
1.780216779691707663e+00 1.704887283267354725e+00
9.443746161242807524e-01 2.987195982904460312e+00
1.004142941512470966e+00 1.580321768422105810e+00
2.363742990504527519e+00 2.750424631710823853e+00
1.753285053728701026e+00 2.948629773785737207e+00
1.827100242666712893e+00 2.324688941447885959e+00
1.433651895116564212e+00 1.491368237044609524e+00
1.206549924405025287e+00 2.489526562611008131e+00
1.514836882375630633e+00 2.636621522540598672e+00
1.533293164263081598e+00 2.045191382215571618e+00
2.005593562573901867e+00 1.809149270064535520e+00
1.722441463090064184e+00 2.084336902580985917e+00
1.520676019728335104e+00 2.435369396564834865e+00
1.700367299750684014e+00 2.440178590719657148e+00
1.667896777335958758e+00 2.274415593231467358e+00
1.723759314711573731e+00 2.376501699820968039e+00
1.679318487754856593e+00 2.197832562881963270e+00
1.623303149816574198e+00 1.915301729501077244e+00
1.582987657341591081e+00 2.277161799947478915e+00
1.641979116371524272e+00 1.951774608374993836e+00
1.578943840479179572e+00 2.227631369631592584e+00
1.644802133445891101e+00 1.984953473052174289e+00
1.645470967632016945e+00 2.235383745717366200e+00
1.785851830885823555e+00 2.171787693874333680e+00
1.725204477332333175e+00 2.231907291615686795e+00
1.702608197982971028e+00 2.159529111525364087e+00
1.652296802829446243e+00 2.150477328055192761e+00
1.657018384703704772e+00 2.049938154016938796e+00
1.691872272773133234e+00 2.189745088650104865e+00
1.692201780154904300e+00 2.153714307486104040e+00
1.674507451981575690e+00 2.065035950525545783e+00
1.699000289882319770e+00 2.164426849550727727e+00
1.694228196839810519e+00 2.140777274943765907e+00
1.677974916881550094e+00 2.079218742926593588e+00
1.669817887439372983e+00 2.086621199735346988e+00
