-4.804819063037691684e+00 3.527440100900442133e+00
-3.069858074093056111e+00 3.931412948614752878e+00
1.063704375029999483e+00 2.512024808557188571e+00
-2.482363494686524952e+00 5.029503330723148480e-01
5.404566023957784182e-01 -2.118784121956662769e+00
-1.458037213771314899e+00 -3.676397511827636855e+00
-4.303710093909955958e+00 -4.661601537538011542e-01
4.419015522051271461e+00 -4.117828902223740428e+00
3.959375866286135803e+00 -3.511012797591432033e+00
1.598616947186966009e+00 5.608077552661310250e-01
-1.178252524588946137e+00 1.642375409588714419e-01
3.337033840343986313e+00 -1.337968720107365339e+00
-2.081134123776757772e+00 3.959659477532996519e+00
3.761263772645031978e+00 -1.573378595877138686e+00
1.026448863435608594e+00 -2.471331572994691861e+00
-4.117171912292469926e-01 1.334315656007235340e+00
-4.974874443709673244e+00 -2.075499757691510183e-01
4.799611192749754451e+00 4.175112810417509479e+00
5.605600380219311063e-01 -1.878326009816833064e+00
-1.743437469087201208e+00 2.382343967756693992e+00
-2.996444449114039621e+00 -3.643540849980742014e+00
-4.101414670631408299e+00 1.416150919684358911e+00
-3.256386773408920021e+00 3.920728943740840577e+00
-4.167080533420480570e+00 3.893847870492365359e+00
1.124406347420977781e+00 -4.480977863551878215e-01
3.258766375048699260e+00 -2.957009930140923615e-01
-2.055743533899909714e+00 -2.935018918147131117e+00
-2.467269545777632800e+00 -9.941344294344620636e-01
1.401512606068962441e+00 -1.901367562896778551e+00
3.970435401347749860e+00 3.544732735497923670e+00
-4.897488355272473726e+00 4.254376310815191076e-01
-4.156523012139635043e+00 -2.023698165191968101e+00
-1.124603293074180055e+00 -3.368586274883308640e+00
-3.959645520201608093e+00 -4.538980328060584490e+00
2.563923904457080738e+00 4.456470661785216336e+00
-3.518480991203656316e+00 -2.295398080198939539e+00
-4.475089219254880568e+00 -4.738648855378935210e+00
-1.919808037775978526e+00 -2.031673372480653494e+00
3.495884810287924083e+00 -3.985610328896496135e+00
-4.305168455037287067e+00 4.819338556351512537e+00
3.828046867539775633e+00 2.893714085074701181e+00
-7.224542459352187862e-01 -7.149624476001479323e-01
-4.110542422004611396e+00 2.698746151755511136e-01
3.992519684312123118e+00 -2.564314499395026203e+00
-1.363328691825623551e+00 -9.824732243905129891e-01
4.095368334709231561e+00 3.157611955297676687e+00
3.410593636427925901e+00 4.010350077449141182e+00
3.926446451535024806e+00 3.998885665425007119e+00
3.916058951672095390e+00 -3.856933697540725348e+00
-1.853861731189467843e+00 -1.611362646070928495e+00
-3.368624558076364295e+00 -4.309786099814450822e+00
-3.925770037601147067e+00 2.388649924057305363e+00
-1.271415766569117256e+00 3.472748097715419036e+00
4.426188417365338523e+00 -2.561172662501485231e+00
-1.251950399710194617e+00 1.233447091838000276e+00
2.348209754193687715e+00 1.087057642588965756e+00
-4.318140848540115151e+00 1.886127292463376293e+00
-3.385159653832695348e+00 1.152787206010538412e+00
1.631245388529373841e+00 -1.601320893281641400e+00
2.266840960268046601e+00 -2.145787438123136770e+00
-4.073531244375833360e+00 -3.294100399723554062e-03
-2.547361314073701699e+00 3.215891338692111745e-01
4.340452081765821646e+00 3.092400061367046149e+00
1.693495685529411432e+00 1.716045357943320582e+00
-1.646973384770248572e+00 3.922564586833958700e+00
4.377286511358235543e+00 -4.813903144389490407e+00
3.986950900188842795e+00 3.323675227746978322e-01
4.573506643849373887e+00 -2.920055585342136162e+00
-4.344997182303139915e+00 1.192762781219936841e+00
2.881898551618178317e-02 -6.695820662828193548e-01
-1.876381252367589347e+00 -1.005527137311190700e+00
-2.122705999308232006e+00 1.919267733204600646e+00
3.915016109378075981e+00 4.805325294061024266e+00
-6.306793837265169955e-01 4.134461411081119309e+00
4.202007493960264739e+00 1.889141474915779995e+00
-2.812846666968231713e+00 -1.437371761120084024e+00
1.945661811890509796e+00 -3.956394818520037049e-01
-3.020854089681166421e+00 1.857992212167280499e+00
1.072097491390563206e+00 3.905752819117601859e+00
2.774557335062618257e+00 3.746598172475575694e+00
1.225323765446609592e+00 -2.861201926015151997e+00
-2.141272008333015009e+00 -3.054102043273982048e+00
-1.253463683827948039e+00 1.081819678511026339e+00
-4.838742854463850662e+00 2.753107205575507699e+00
6.965318754201437201e-01 6.210984049564771681e-02
-1.672907417231010108e+00 1.379276559774215372e+00
1.436416029814894024e+00 9.691640700574630785e-01
4.717126651771618384e+00 -3.461167144831590825e+00
1.669120186496001246e+00 1.439513552681903619e-01
-3.918985645697918851e+00 8.346244013532375661e-01
-3.947481424806348116e+00 2.810496123901645937e+00
-4.653732513063798315e+00 2.077261997717720909e+00
-2.487814359986541213e+00 7.113652912132728545e-01
1.359062180514407636e+00 3.369101128618767760e+00
4.837641668922589844e+00 4.565706793046828693e+00
5.889812881009772738e-01 3.728063126441401920e+00
1.966683601340966980e+00 -4.588436429441758335e+00
2.575126426154453085e+00 7.656422701295619859e-01
1.451814838936812180e+00 1.213731109054543289e+00
9.599238241393504012e-01 -1.732971262666604950e+00
