2.500000000000000000e+00 -2.000000000000000000e+00
5.000000000000000000e+00 -2.000000000000000000e+00
2.500000000000000000e+00 5.000000000000000000e-01
0.000000000000000000e+00 -2.000000000000000000e+00
2.500000000000000000e+00 -4.500000000000000000e+00
1.442307692307707612e+00 2.886848369066565390e+00
7.430189065167203122e-01 -5.000000000000000000e+00
-2.253815667535645773e-01 9.957962740478847330e-01
3.855519982368127430e-02 6.883665106684579982e-01
2.761746262455471168e-01 4.116966967352340134e-01
1.297251438622921915e+00 -4.696359947447128036e+00
1.138955607257194913e+00 2.821692714232488797e-01
1.219354913162095100e+00 -4.019689648262387394e+00
1.223355577776821024e+00 -2.671614315738615186e-01
1.526748634905799706e+00 -1.810928504962175722e+00
2.488551578808592346e+00 -3.743354610618570888e+00
2.384314579017219771e+00 -4.352175426913815759e-01
3.911599915921692983e+00 -1.960671181498580662e+00
5.000000000000000000e+00 -2.833859687695770901e+00
4.560055699833415410e+00 -8.676132833897465257e-01
3.367025656596827510e+00 -9.547845286618443783e-01
2.239972985578090992e+00 -1.150031447219699743e+00
3.188537085287716177e+00 -1.428980930172086383e+00
4.144095357147547176e+00 -1.459347344928701107e+00
3.703337528444766047e+00 -1.917541895118408668e-01
3.164981494813153162e+00 -2.320202896754703925e-01
3.409232868757846813e+00 -7.675260941564479023e-01
3.570115007900644510e+00 -1.527738967443760254e+00
3.913543098907970030e+00 -9.799154819612641010e-01
3.445159680517933420e+00 -9.388362775595139320e-01
3.378147640226583093e+00 -8.456161088152928107e-01
3.023296536941888046e+00 -1.157065097000591347e+00
3.471409703356488130e+00 -7.865774617570437943e-01
3.419107888262418182e+00 -8.694848824882605021e-01
