3.603727710384418970e-02 4.143167196050521639e+00
4.660699380727978181e+00 2.637207113112545187e-01
3.760828038161694309e-01 -2.207739040921158136e+00
4.634259172796452830e+00 -1.586371652352015715e+00
3.916502378404686624e+00 -1.242940151443996388e+00
-6.883066595576696756e-01 1.160932310402536416e+00
8.438748162651057427e-01 -4.157258036444467564e+00
-4.753930192551712786e+00 2.819943396448659989e+00
1.276978410238440276e+00 2.537849022425922030e-01
3.080941532910529190e+00 3.232673178249518386e+00
-4.636565125519603647e+00 -1.771507139801796527e+00
-3.777386079541856567e+00 -1.715025657072095644e+00
-3.242845142261185920e+00 -2.371136670865664264e+00
-6.714543309960543382e-01 -4.593703315823284505e+00
2.455983723838053301e+00 -2.909634028116534488e+00
-1.898368257763810796e+00 4.652864425024839434e+00
1.101099081475544139e+00 -1.758793317874818296e+00
4.511485206624447741e+00 -3.966047752817226879e+00
2.459483586857929893e+00 -3.574229344773489636e+00
-2.232158445163189064e+00 -1.072404982592505274e+00
1.889998724727968593e+00 1.074510496723299902e+00
2.309467362627644960e+00 -4.880606674183914251e+00
-1.317816589118182335e+00 -2.515102748844536329e+00
1.051960615907296059e+00 4.028572799486475731e+00
-4.159213096549605027e+00 1.491924859917701518e+00
3.463317376829827765e+00 3.668734406653634039e+00
-2.601487201687999740e+00 -1.751981934014728015e+00
5.005079039289705989e-01 3.456351642461509499e+00
-3.247602963507713270e+00 -2.573049529996934481e+00
4.921428252739360687e+00 5.616366926898681555e-01
1.130401704441919009e+00 3.147444632071540127e+00
-3.480875030001798542e+00 2.418904069577224369e+00
2.357705936514373768e+00 2.229295396357625414e+00
4.579958249094302047e+00 -1.497768658949288678e+00
3.563106332156307232e+00 -4.560498728764095233e-01
-7.731704336609297457e-01 -2.266673502466149959e+00
2.124927262004315587e+00 2.161937455189391066e+00
-9.180858082943359477e-01 1.717594087022358273e+00
-4.870890943104778437e+00 2.751688831843573269e+00
5.965758102288987175e-02 -4.578873758579549147e-01
1.127274697173476170e+00 3.324430525723757412e+00
-2.264526395952550786e+00 1.911990124943418579e+00
-1.228264482905228050e+00 3.480831210660786823e+00
4.750004105915701658e+00 3.710231171562401897e+00
-4.175324032314041922e+00 1.116506387907358899e+00
-2.445110735366358146e+00 -5.918360339636405953e-01
-3.663147599365013107e-01 2.561454405066960760e+00
-7.862112567554779829e-01 8.459447589971178516e-01
-3.332610899972544338e+00 -2.824366386064603773e+00
3.393440614005580613e-01 -2.543286077554436364e+00
-4.568768923383387026e+00 -3.726806664221543386e+00
3.731848439863849620e+00 -1.809725841636988797e+00
-2.680466282121811705e+00 1.628674566231149257e+00
-3.571309209189024170e+00 -1.409385663874853645e+00
-1.349726789264455107e+00 4.151414077436319516e+00
5.748636251855590018e-01 1.039572749488316461e+00
2.910578332758838371e+00 -4.030477512428252140e-01
4.336603988039193780e-01 2.678343708945721602e+00
3.497033246580869559e-01 4.328560082909945095e+00
-3.464281973193474862e+00 1.595719586258028677e+00
3.052918487474421738e+00 -9.112607017931591002e-01
-4.160654969394767200e+00 1.283010716799029005e+00
4.155250571303147566e+00 3.416284960426809292e+00
4.013322931578148456e+00 -3.391544111148045992e+00
-3.296728017156186574e+00 -4.386856815062706083e+00
-4.416510972728184825e+00 1.926879926923819042e+00
2.417310482611019218e+00 1.336638012569983935e+00
1.747467544940098705e+00 -1.430276004666515277e+00
1.801417704817290577e+00 3.223547409381005480e+00
-1.475004798861085042e+00 4.071830523175790972e+00
-4.232328316027510695e+00 -2.571293628297834921e+00
1.794667252461559670e+00 -7.343287283246446862e-02
-1.019473175149712141e+00 -8.675027041566361063e-01
2.554748827047302662e+00 6.976972458276247124e-01
-4.926102800952797622e+00 2.630833052475142431e+00
2.260518159437069130e+00 -4.727959060781499190e+00
1.770290434976219629e+00 1.839013936516408876e+00
-1.385462506582211262e-01 -1.398601534789172263e+00
-5.770938359506843085e-01 -1.057401277560687802e-01
-3.615827457732506467e+00 -4.092415029638010182e+00
-2.244253526003039401e+00 -1.865026902529135278e+00
2.505367169260292570e+00 1.249381503117859005e+00
6.210133318849582196e-01 -2.876476884451795168e+00
5.167388016987768395e-01 -7.538884384741244560e-01
2.770482856938011551e+00 -1.276495431911172318e+00
-2.242527044131146230e+00 -5.717523675571154484e-01
1.551148595669209485e+00 -2.019495256417310536e+00
-1.597648856219895386e+00 2.620104557934638478e+00
-2.430836898019037573e+00 4.807664176261440048e+00
-3.274376421831755035e+00 3.073021211712534395e+00
3.842359252125000069e+00 -2.619114949012255611e+00
3.747430126718604981e-01 7.521718580550782463e-01
-3.227585266741797021e+00 2.127462802798589792e+00
3.953480338202130184e+00 -4.049123658722750818e+00
-2.867323558768272385e+00 7.812646151831383889e-01
1.879685754682648202e+00 -1.267932081872471528e+00
5.669690672077587479e-01 -2.847346389361633534e+00
-4.346877121936999266e+00 -8.625695311615801941e-01
-2.474319846477197604e+00 2.491491382420566225e+00
3.848805701894823628e+00 8.744835030987196944e-02
