-7.874999999999999778e-01
-7.774999999999999689e-01
-7.624999999999999556e-01
-7.674999999999999600e-01
-7.700000000000000178e-01
-7.750000000000000222e-01
-7.600000000000000089e-01
-7.774999999999999689e-01
-7.600000000000000089e-01
-7.650000000000000133e-01
-1.024999999999999939e-01
-5.174999999999999600e-01
-7.524999999999999467e-01
-5.174999999999999600e-01
-5.174999999999999600e-01
-7.874999999999999778e-01
-7.950000000000000400e-01
-7.950000000000000400e-01
-1.024999999999999939e-01
-7.624999999999999556e-01
-7.774999999999999689e-01
-7.950000000000000400e-01
-7.950000000000000400e-01
-7.874999999999999778e-01
-7.774999999999999689e-01
-7.774999999999999689e-01
-7.774999999999999689e-01
-7.774999999999999689e-01
-7.774999999999999689e-01
-7.774999999999999689e-01
-7.774999999999999689e-01
-7.774999999999999689e-01
-7.774999999999999689e-01
-7.774999999999999689e-01
-7.774999999999999689e-01
-7.774999999999999689e-01
-7.774999999999999689e-01
-7.774999999999999689e-01
-7.774999999999999689e-01
-7.774999999999999689e-01
-7.774999999999999689e-01
-7.774999999999999689e-01
-7.774999999999999689e-01
-1.024999999999999939e-01
-7.550000000000000044e-01
-7.674999999999999600e-01
-7.550000000000000044e-01
-7.774999999999999689e-01
-7.774999999999999689e-01
-7.774999999999999689e-01
-7.774999999999999689e-01
-7.774999999999999689e-01
-7.774999999999999689e-01
-7.774999999999999689e-01
-7.774999999999999689e-01
-7.774999999999999689e-01
-7.774999999999999689e-01
-7.774999999999999689e-01
-7.774999999999999689e-01
-7.774999999999999689e-01
-7.774999999999999689e-01
-7.774999999999999689e-01
-7.774999999999999689e-01
-7.774999999999999689e-01
-7.774999999999999689e-01
-7.774999999999999689e-01
-7.774999999999999689e-01
-7.774999999999999689e-01
-7.774999999999999689e-01
-7.774999999999999689e-01
-7.774999999999999689e-01
-7.774999999999999689e-01
-7.774999999999999689e-01
-7.774999999999999689e-01
-7.774999999999999689e-01
-7.774999999999999689e-01
-7.774999999999999689e-01
-7.774999999999999689e-01
-7.774999999999999689e-01
-7.774999999999999689e-01
-7.774999999999999689e-01
-7.774999999999999689e-01
-7.774999999999999689e-01
-7.774999999999999689e-01
-7.774999999999999689e-01
-7.774999999999999689e-01
-7.774999999999999689e-01
-7.774999999999999689e-01
-7.774999999999999689e-01
-7.774999999999999689e-01
-7.774999999999999689e-01
-7.774999999999999689e-01
-7.774999999999999689e-01
-7.774999999999999689e-01
-7.774999999999999689e-01
-7.774999999999999689e-01
-7.774999999999999689e-01
-7.774999999999999689e-01
-7.774999999999999689e-01
-7.774999999999999689e-01
