2.204119982655925014e+00 -4.900000000000000355e+00
4.704119982655925014e+00 -4.900000000000000355e+00
2.204119982655925014e+00 -2.400000000000000355e+00
-2.958800173440749859e-01 -4.900000000000000355e+00
1.489270258551300685e+00 -5.000000000000000000e+00
1.862148570756060773e+00 -5.000000000000000000e+00
5.000000000000000000e+00 -9.112221324249737409e-01
5.000000000000000000e+00 -1.453398849517856251e+00
5.000000000000000000e+00 -1.427487326979152371e+00
5.000000000000000000e+00 -8.318901604233597258e-01
2.492209584073065809e+00 6.469653506094678042e-01
3.810412290894982235e+00 1.464829107357487281e+00
4.426259091724727313e+00 1.410419416977454432e+00
5.000000000000000000e+00 -2.765437239139129755e+00
5.000000000000000000e+00 -1.257299435280695654e+00
3.788940919281391650e+00 -4.277290997091260039e+00
3.910046827353252041e+00 -4.126105621296046522e+00
4.461887333308197867e+00 -4.239330726947017070e+00
4.737429490181474634e+00 -4.152959420689909642e+00
3.769715581062179410e+00 -2.446578773945717433e+00
4.341519165179422046e+00 -1.830144732613083303e+00
4.259975124971767890e+00 -3.481078309243309299e+00
5.000000000000000000e+00 -2.302020562262229397e+00
5.000000000000000000e+00 -2.426480613590489277e+00
4.636420213639896204e+00 -3.421958166128094447e+00
5.000000000000000000e+00 -2.143838813926250975e+00
5.000000000000000000e+00 -2.207405006358531985e+00
4.508043258875582993e+00 -2.526080926445496644e+00
5.000000000000000000e+00 -2.872441505931920158e+00
4.631624052787395307e+00 -3.011766981146029920e+00
5.000000000000000000e+00 -2.531603511491911096e+00
4.828911998927513771e+00 -3.080989574056816949e+00
4.735719543649534735e+00 -2.579642222146148800e+00
4.867395448695806870e+00 -2.506688653033840364e+00
4.793669863396227804e+00 -2.926375304797643295e+00
4.908727507493770403e+00 -2.695585755027450681e+00
5.000000000000000000e+00 -2.682316347360920172e+00
5.000000000000000000e+00 -2.698027371944076602e+00
5.000000000000000000e+00 -2.857382286230264690e+00
4.867129132239878864e+00 -2.844307108357944980e+00
4.880079773455508807e+00 -2.835850231684210687e+00
4.891743575613849870e+00 -2.828246595803330266e+00
4.902249836066997268e+00 -2.821411564525697191e+00
4.918696001828985587e+00 -2.704880507069031825e+00
4.919546043911549482e+00 -2.808470968485860197e+00
5.000000000000000000e+00 -2.720531756015927449e+00
5.000000000000000000e+00 -2.713438803828984724e+00
4.945612598025350692e+00 -2.727147303880017581e+00
4.967064897176757476e+00 -2.715449170593356332e+00
4.951649895036804416e+00 -2.789205390643416660e+00
5.000000000000000000e+00 -2.803064201997569782e+00
5.000000000000000000e+00 -2.744524453697167132e+00
5.000000000000000000e+00 -1.631546838672211841e+00
