-1.111111111111111049e-01
-4.805555555555555691e-01
-4.694444444444444420e-01
-8.611111111111111049e-02
-8.611111111111111049e-02
-8.611111111111111049e-02
-5.472222222222222765e-01
-5.472222222222222765e-01
-5.472222222222222765e-01
-5.472222222222222765e-01
-5.472222222222222765e-01
-4.805555555555555691e-01
-4.805555555555555691e-01
-5.138888888888888395e-01
-5.527777777777778123e-01
-5.472222222222222765e-01
-4.777777777777778012e-01
-4.833333333333333370e-01
-5.222222222222222543e-01
-5.527777777777778123e-01
-5.166666666666667185e-01
-5.083333333333333037e-01
-5.388888888888888618e-01
-5.472222222222222765e-01
-5.472222222222222765e-01
-5.333333333333333259e-01
-5.472222222222222765e-01
-5.472222222222222765e-01
-5.250000000000000222e-01
-5.500000000000000444e-01
-5.194444444444444864e-01
-5.472222222222222765e-01
-5.416666666666666297e-01
-5.388888888888888618e-01
-5.527777777777778123e-01
-5.388888888888888618e-01
-5.500000000000000444e-01
-5.527777777777778123e-01
-5.527777777777778123e-01
-5.500000000000000444e-01
-5.388888888888888618e-01
-5.444444444444443976e-01
-5.444444444444443976e-01
-5.500000000000000444e-01
-5.500000000000000444e-01
-5.500000000000000444e-01
-5.527777777777778123e-01
-5.527777777777778123e-01
-5.500000000000000444e-01
-5.527777777777778123e-01
-5.472222222222222765e-01
-5.527777777777778123e-01
-5.527777777777778123e-01
